61693 61686 61691 61689  120.0 2.5
61697 61695 61693 61691 -120.0 2.5
61693 61697 61699 61701  180.0 0.0
61825 61818 61823 61821  120.0 2.5
61829 61827 61825 61823 -120.0 2.5
61825 61829 61831 61833  180.0 0.0
61960 61953 61958 61956  120.0 2.5
61964 61962 61960 61958 -120.0 2.5
61960 61964 61966 61968  180.0 0.0
62092 62085 62090 62088  120.0 2.5
62096 62094 62092 62090 -120.0 2.5
62092 62096 62098 62100  180.0 0.0
62227 62220 62225 62223  120.0 2.5
62231 62229 62227 62225 -120.0 2.5
62227 62231 62233 62235  180.0 0.0
62424 62446 62444 62448  120.0 2.5
62444 62450 62448 62452  120.0 2.5
62464 62457 62462 62460  120.0 2.5
62468 62466 62464 62462 -120.0 2.5
62464 62468 62470 62472  180.0 0.0
62599 62592 62597 62595  120.0 2.5
62603 62601 62599 62597 -120.0 2.5
62599 62603 62605 62607  180.0 0.0
62734 62727 62732 62730  120.0 2.5
62738 62736 62734 62732 -120.0 2.5
62734 62738 62740 62742  180.0 0.0
62866 62859 62864 62862  120.0 2.5
62870 62868 62866 62864 -120.0 2.5
62866 62870 62872 62874  180.0 0.0
62998 62991 62996 62994  120.0 2.5
63002 63000 62998 62996 -120.0 2.5
62998 63002 63004 63006  180.0 0.0
63130 63123 63128 63126  120.0 2.5
63134 63132 63130 63128 -120.0 2.5
63130 63134 63136 63138  180.0 0.0
63262 63255 63260 63258  120.0 2.5
63266 63264 63262 63260 -120.0 2.5
63262 63266 63268 63270  180.0 0.0
63397 63390 63395 63393  120.0 2.5
63401 63399 63397 63395 -120.0 2.5
63397 63401 63403 63405  180.0 0.0
63594 63616 63614 63618  120.0 2.5
63614 63620 63618 63622  120.0 2.5
63634 63627 63632 63630  120.0 2.5
63638 63636 63634 63632 -120.0 2.5
63634 63638 63640 63642  180.0 0.0
63766 63759 63764 63762  120.0 2.5
63770 63768 63766 63764 -120.0 2.5
63766 63770 63772 63774  180.0 0.0
63901 63894 63899 63897  120.0 2.5
63905 63903 63901 63899 -120.0 2.5
63901 63905 63907 63909  180.0 0.0
64033 64026 64031 64029  120.0 2.5
64037 64035 64033 64031 -120.0 2.5
64033 64037 64039 64041  180.0 0.0
64165 64158 64163 64161  120.0 2.5
64169 64167 64165 64163 -120.0 2.5
64165 64169 64171 64173  180.0 0.0
64300 64293 64298 64296  120.0 2.5
64304 64302 64300 64298 -120.0 2.5
64300 64304 64306 64308  180.0 0.0
64432 64425 64430 64428  120.0 2.5
64436 64434 64432 64430 -120.0 2.5
64432 64436 64438 64440  180.0 0.0
64564 64557 64562 64560  120.0 2.5
64568 64566 64564 64562 -120.0 2.5
64564 64568 64570 64572  180.0 0.0
64696 64689 64694 64692  120.0 2.5
64700 64698 64696 64694 -120.0 2.5
64696 64700 64702 64704  180.0 0.0
64831 64824 64829 64827  120.0 2.5
64835 64833 64831 64829 -120.0 2.5
64831 64835 64837 64839  180.0 0.0
64963 64956 64961 64959  120.0 2.5
64967 64965 64963 64961 -120.0 2.5
64963 64967 64969 64971  180.0 0.0
65095 65088 65093 65091  120.0 2.5
65099 65097 65095 65093 -120.0 2.5
65095 65099 65101 65103  180.0 0.0
65227 65220 65225 65223  120.0 2.5
65231 65229 65227 65225 -120.0 2.5
65227 65231 65233 65235  180.0 0.0
65359 65352 65357 65355  120.0 2.5
65363 65361 65359 65357 -120.0 2.5
65359 65363 65365 65367  180.0 0.0
65491 65484 65489 65487  120.0 2.5
65495 65493 65491 65489 -120.0 2.5
65491 65495 65497 65499  180.0 0.0
65623 65616 65621 65619  120.0 2.5
65627 65625 65623 65621 -120.0 2.5
65623 65627 65629 65631  180.0 0.0
65755 65748 65753 65751  120.0 2.5
65759 65757 65755 65753 -120.0 2.5
65755 65759 65761 65763  180.0 0.0
65887 65880 65885 65883  120.0 2.5
65891 65889 65887 65885 -120.0 2.5
65887 65891 65893 65895  180.0 0.0
66019 66012 66017 66015  120.0 2.5
66023 66021 66019 66017 -120.0 2.5
66019 66023 66025 66027  180.0 0.0
66151 66144 66149 66147  120.0 2.5
66155 66153 66151 66149 -120.0 2.5
66151 66155 66157 66159  180.0 0.0
66283 66276 66281 66279  120.0 2.5
66287 66285 66283 66281 -120.0 2.5
66283 66287 66289 66291  180.0 0.0
66415 66408 66413 66411  120.0 2.5
66419 66417 66415 66413 -120.0 2.5
66415 66419 66421 66423  180.0 0.0
66547 66540 66545 66543  120.0 2.5
66551 66549 66547 66545 -120.0 2.5
66547 66551 66553 66555  180.0 0.0
66679 66672 66677 66675  120.0 2.5
66683 66681 66679 66677 -120.0 2.5
66679 66683 66685 66687  180.0 0.0
66811 66804 66809 66807  120.0 2.5
66815 66813 66811 66809 -120.0 2.5
66811 66815 66817 66819  180.0 0.0
66943 66936 66941 66939  120.0 2.5
66947 66945 66943 66941 -120.0 2.5
66943 66947 66949 66951  180.0 0.0
67075 67068 67073 67071  120.0 2.5
67079 67077 67075 67073 -120.0 2.5
67075 67079 67081 67083  180.0 0.0
67207 67200 67205 67203  120.0 2.5
67211 67209 67207 67205 -120.0 2.5
67207 67211 67213 67215  180.0 0.0
67339 67332 67337 67335  120.0 2.5
67343 67341 67339 67337 -120.0 2.5
67339 67343 67345 67347  180.0 0.0
67471 67464 67469 67467  120.0 2.5
67475 67473 67471 67469 -120.0 2.5
67471 67475 67477 67479  180.0 0.0
67603 67596 67601 67599  120.0 2.5
67607 67605 67603 67601 -120.0 2.5
67603 67607 67609 67611  180.0 0.0
67735 67728 67733 67731  120.0 2.5
67739 67737 67735 67733 -120.0 2.5
67735 67739 67741 67743  180.0 0.0
67867 67860 67865 67863  120.0 2.5
67871 67869 67867 67865 -120.0 2.5
67867 67871 67873 67875  180.0 0.0
67999 67992 67997 67995  120.0 2.5
68003 68001 67999 67997 -120.0 2.5
67999 68003 68005 68007  180.0 0.0
68131 68124 68129 68127  120.0 2.5
68135 68133 68131 68129 -120.0 2.5
68131 68135 68137 68139  180.0 0.0
68263 68256 68261 68259  120.0 2.5
68267 68265 68263 68261 -120.0 2.5
68263 68267 68269 68271  180.0 0.0
68395 68388 68393 68391  120.0 2.5
68399 68397 68395 68393 -120.0 2.5
68395 68399 68401 68403  180.0 0.0
68527 68520 68525 68523  120.0 2.5
68531 68529 68527 68525 -120.0 2.5
68527 68531 68533 68535  180.0 0.0
68659 68652 68657 68655  120.0 2.5
68663 68661 68659 68657 -120.0 2.5
68659 68663 68665 68667  180.0 0.0
68794 68787 68792 68790  120.0 2.5
68798 68796 68794 68792 -120.0 2.5
68794 68798 68800 68802  180.0 0.0
68926 68919 68924 68922  120.0 2.5
68930 68928 68926 68924 -120.0 2.5
68926 68930 68932 68934  180.0 0.0
69058 69051 69056 69054  120.0 2.5
69062 69060 69058 69056 -120.0 2.5
69058 69062 69064 69066  180.0 0.0
69190 69183 69188 69186  120.0 2.5
69194 69192 69190 69188 -120.0 2.5
69190 69194 69196 69198  180.0 0.0
69322 69315 69320 69318  120.0 2.5
69326 69324 69322 69320 -120.0 2.5
69322 69326 69328 69330  180.0 0.0
69454 69447 69452 69450  120.0 2.5
69458 69456 69454 69452 -120.0 2.5
69454 69458 69460 69462  180.0 0.0
69589 69582 69587 69585  120.0 2.5
69593 69591 69589 69587 -120.0 2.5
69589 69593 69595 69597  180.0 0.0
69721 69714 69719 69717  120.0 2.5
69725 69723 69721 69719 -120.0 2.5
69721 69725 69727 69729  180.0 0.0
69853 69846 69851 69849  120.0 2.5
69857 69855 69853 69851 -120.0 2.5
69853 69857 69859 69861  180.0 0.0
69985 69978 69983 69981  120.0 2.5
69989 69987 69985 69983 -120.0 2.5
69985 69989 69991 69993  180.0 0.0
70117 70110 70115 70113  120.0 2.5
70121 70119 70117 70115 -120.0 2.5
70117 70121 70123 70125  180.0 0.0
70249 70242 70247 70245  120.0 2.5
70253 70251 70249 70247 -120.0 2.5
70249 70253 70255 70257  180.0 0.0
70381 70374 70379 70377  120.0 2.5
70385 70383 70381 70379 -120.0 2.5
70381 70385 70387 70389  180.0 0.0
70513 70506 70511 70509  120.0 2.5
70517 70515 70513 70511 -120.0 2.5
70513 70517 70519 70521  180.0 0.0
70645 70638 70643 70641  120.0 2.5
70649 70647 70645 70643 -120.0 2.5
70645 70649 70651 70653  180.0 0.0
70777 70770 70775 70773  120.0 2.5
70781 70779 70777 70775 -120.0 2.5
70777 70781 70783 70785  180.0 0.0
70909 70902 70907 70905  120.0 2.5
70913 70911 70909 70907 -120.0 2.5
70909 70913 70915 70917  180.0 0.0
71041 71034 71039 71037  120.0 2.5
71045 71043 71041 71039 -120.0 2.5
71041 71045 71047 71049  180.0 0.0
71173 71166 71171 71169  120.0 2.5
71177 71175 71173 71171 -120.0 2.5
71173 71177 71179 71181  180.0 0.0
71305 71298 71303 71301  120.0 2.5
71309 71307 71305 71303 -120.0 2.5
71305 71309 71311 71313  180.0 0.0
71437 71430 71435 71433  120.0 2.5
71441 71439 71437 71435 -120.0 2.5
71437 71441 71443 71445  180.0 0.0
71569 71562 71567 71565  120.0 2.5
71573 71571 71569 71567 -120.0 2.5
71569 71573 71575 71577  180.0 0.0
71701 71694 71699 71697  120.0 2.5
71705 71703 71701 71699 -120.0 2.5
71701 71705 71707 71709  180.0 0.0
71833 71826 71831 71829  120.0 2.5
71837 71835 71833 71831 -120.0 2.5
71833 71837 71839 71841  180.0 0.0
71965 71958 71963 71961  120.0 2.5
71969 71967 71965 71963 -120.0 2.5
71965 71969 71971 71973  180.0 0.0
72162 72184 72182 72186  120.0 2.5
72182 72188 72186 72190  120.0 2.5
72202 72195 72200 72198  120.0 2.5
72206 72204 72202 72200 -120.0 2.5
72202 72206 72208 72210  180.0 0.0
72334 72327 72332 72330  120.0 2.5
72338 72336 72334 72332 -120.0 2.5
72334 72338 72340 72342  180.0 0.0
72530 72552 72550 72554  120.0 2.5
72550 72556 72554 72558  120.0 2.5
72567 72589 72587 72591  120.0 2.5
72587 72593 72591 72595  120.0 2.5
72607 72600 72605 72603  120.0 2.5
72611 72609 72607 72605 -120.0 2.5
72607 72611 72613 72615  180.0 0.0
72739 72732 72737 72735  120.0 2.5
72743 72741 72739 72737 -120.0 2.5
72739 72743 72745 72747  180.0 0.0
72935 72957 72955 72959  120.0 2.5
72955 72961 72959 72963  120.0 2.5
72972 72994 72992 72996  120.0 2.5
72992 72998 72996 73000  120.0 2.5
73012 73005 73010 73008  120.0 2.5
73016 73014 73012 73010 -120.0 2.5
73012 73016 73018 73020  180.0 0.0
73144 73137 73142 73140  120.0 2.5
73148 73146 73144 73142 -120.0 2.5
73144 73148 73150 73152  180.0 0.0
73279 73272 73277 73275  120.0 2.5
73283 73281 73279 73277 -120.0 2.5
73279 73283 73285 73287  180.0 0.0
73411 73404 73409 73407  120.0 2.5
73415 73413 73411 73409 -120.0 2.5
73411 73415 73417 73419  180.0 0.0
73543 73536 73541 73539  120.0 2.5
73547 73545 73543 73541 -120.0 2.5
73543 73547 73549 73551  180.0 0.0
73675 73668 73673 73671  120.0 2.5
73679 73677 73675 73673 -120.0 2.5
73675 73679 73681 73683  180.0 0.0
73807 73800 73805 73803  120.0 2.5
73811 73809 73807 73805 -120.0 2.5
73807 73811 73813 73815  180.0 0.0
73939 73932 73937 73935  120.0 2.5
73943 73941 73939 73937 -120.0 2.5
73939 73943 73945 73947  180.0 0.0
74071 74064 74069 74067  120.0 2.5
74075 74073 74071 74069 -120.0 2.5
74071 74075 74077 74079  180.0 0.0
74203 74196 74201 74199  120.0 2.5
74207 74205 74203 74201 -120.0 2.5
74203 74207 74209 74211  180.0 0.0
74400 74422 74420 74424  120.0 2.5
74420 74426 74424 74428  120.0 2.5
74440 74433 74438 74436  120.0 2.5
74444 74442 74440 74438 -120.0 2.5
74440 74444 74446 74448  180.0 0.0
74575 74568 74573 74571  120.0 2.5
74579 74577 74575 74573 -120.0 2.5
74575 74579 74581 74583  180.0 0.0
74707 74700 74705 74703  120.0 2.5
74711 74709 74707 74705 -120.0 2.5
74707 74711 74713 74715  180.0 0.0
74842 74835 74840 74838  120.0 2.5
74846 74844 74842 74840 -120.0 2.5
74842 74846 74848 74850  180.0 0.0
74974 74967 74972 74970  120.0 2.5
74978 74976 74974 74972 -120.0 2.5
74974 74978 74980 74982  180.0 0.0
75106 75099 75104 75102  120.0 2.5
75110 75108 75106 75104 -120.0 2.5
75106 75110 75112 75114  180.0 0.0
75302 75324 75322 75326  120.0 2.5
75322 75328 75326 75330  120.0 2.5
75339 75361 75359 75363  120.0 2.5
75359 75365 75363 75367  120.0 2.5
75379 75372 75377 75375  120.0 2.5
75383 75381 75379 75377 -120.0 2.5
75379 75383 75385 75387  180.0 0.0
75511 75504 75509 75507  120.0 2.5
75515 75513 75511 75509 -120.0 2.5
75511 75515 75517 75519  180.0 0.0
75646 75639 75644 75642  120.0 2.5
75650 75648 75646 75644 -120.0 2.5
75646 75650 75652 75654  180.0 0.0
75842 75864 75862 75866  120.0 2.5
75862 75868 75866 75870  120.0 2.5
75879 75901 75899 75903  120.0 2.5
75899 75905 75903 75907  120.0 2.5
75919 75912 75917 75915  120.0 2.5
75923 75921 75919 75917 -120.0 2.5
75919 75923 75925 75927  180.0 0.0
76054 76047 76052 76050  120.0 2.5
76058 76056 76054 76052 -120.0 2.5
76054 76058 76060 76062  180.0 0.0
76189 76182 76187 76185  120.0 2.5
76193 76191 76189 76187 -120.0 2.5
76189 76193 76195 76197  180.0 0.0
76321 76314 76319 76317  120.0 2.5
76325 76323 76321 76319 -120.0 2.5
76321 76325 76327 76329  180.0 0.0
76453 76446 76451 76449  120.0 2.5
76457 76455 76453 76451 -120.0 2.5
76453 76457 76459 76461  180.0 0.0
76588 76581 76586 76584  120.0 2.5
76592 76590 76588 76586 -120.0 2.5
76588 76592 76594 76596  180.0 0.0
76720 76713 76718 76716  120.0 2.5
76724 76722 76720 76718 -120.0 2.5
76720 76724 76726 76728  180.0 0.0
76852 76845 76850 76848  120.0 2.5
76856 76854 76852 76850 -120.0 2.5
76852 76856 76858 76860  180.0 0.0
76984 76977 76982 76980  120.0 2.5
76988 76986 76984 76982 -120.0 2.5
76984 76988 76990 76992  180.0 0.0
77116 77109 77114 77112  120.0 2.5
77120 77118 77116 77114 -120.0 2.5
77116 77120 77122 77124  180.0 0.0
77248 77241 77246 77244  120.0 2.5
77252 77250 77248 77246 -120.0 2.5
77248 77252 77254 77256  180.0 0.0
77462 77473 77465 77467 -120.0 2.5
77497 77500 77502 77504  0.0 0.0
77602 77613 77605 77607 -120.0 2.5
77637 77640 77642 77644  0.0 0.0
77786 77792 77790 77795  120.0 2.5
77803 77814 77806 77808 -120.0 2.5
77838 77841 77843 77845  0.0 0.0
77937 77948 77940 77942 -120.0 2.5
77972 77975 77977 77979  0.0 0.0
78062 78073 78065 78067 -120.0 2.5
78097 78100 78102 78104  0.0 0.0
78193 78204 78196 78198 -120.0 2.5
78228 78231 78233 78235  0.0 0.0
78488 78481 78486 78484  120.0 2.5
78492 78490 78488 78486 -120.0 2.5
78488 78492 78494 78496  180.0 0.0
78605 78616 78608 78610 -120.0 2.5
78640 78643 78645 78647  0.0 0.0
78745 78756 78748 78750 -120.0 2.5
78780 78783 78785 78787  0.0 0.0
78870 78881 78873 78875 -120.0 2.5
78905 78908 78910 78912  0.0 0.0
79232 79243 79235 79237 -120.0 2.5
79267 79270 79272 79274  0.0 0.0
79662 79673 79665 79667 -120.0 2.5
79697 79700 79702 79704  0.0 0.0
80157 80168 80160 80162 -120.0 2.5
80192 80195 80197 80199  0.0 0.0
80495 80501 80499 80504  120.0 2.5
80512 80523 80515 80517 -120.0 2.5
80547 80550 80552 80554  0.0 0.0
80696 80716 80712 80708  60.0 2.5
80716 80712 80708 80704 -60.0 2.5
80712 80708 80704 80700  60.0 2.5
80708 80704 80700 80696 -60.0 2.5
80704 80700 80696 80716  60.0 2.5
80700 80696 80716 80712 -60.0 2.5
80723 80734 80726 80728 -120.0 2.5
80758 80761 80763 80765  0.0 0.0
80848 80859 80851 80853 -120.0 2.5
80883 80886 80888 80890  0.0 0.0
80988 80999 80991 80993 -120.0 2.5
81023 81026 81028 81030  0.0 0.0
81113 81124 81116 81118 -120.0 2.5
81148 81151 81153 81155  0.0 0.0
81253 81264 81256 81258 -120.0 2.5
81288 81291 81293 81295  0.0 0.0
81387 81398 81390 81392 -120.0 2.5
81422 81425 81427 81429  0.0 0.0
81808 81819 81811 81813 -120.0 2.5
81843 81846 81848 81850  0.0 0.0
81939 81950 81942 81944 -120.0 2.5
81974 81977 81979 81981  0.0 0.0
82153 82164 82156 82158 -120.0 2.5
82188 82191 82193 82195  0.0 0.0
82294 82287 82292 82290  120.0 2.5
82298 82296 82294 82292 -120.0 2.5
82294 82298 82300 82302  180.0 0.0
82633 82644 82636 82638 -120.0 2.5
82668 82671 82673 82675  0.0 0.0
82921 82932 82924 82926 -120.0 2.5
82956 82959 82961 82963  0.0 0.0
83120 83131 83123 83125 -120.0 2.5
83155 83158 83160 83162  0.0 0.0
83251 83262 83254 83256 -120.0 2.5
83286 83289 83291 83293  0.0 0.0
83465 83476 83468 83470 -120.0 2.5
83500 83503 83505 83507  0.0 0.0
83673 83684 83676 83678 -120.0 2.5
83708 83711 83713 83715  0.0 0.0
83798 83809 83801 83803 -120.0 2.5
83833 83836 83838 83840  0.0 0.0
83945 83938 83943 83941  120.0 2.5
83949 83947 83945 83943 -120.0 2.5
83945 83949 83951 83953  180.0 0.0
84071 84082 84074 84076 -120.0 2.5
84106 84109 84111 84113  0.0 0.0
84205 84216 84208 84210 -120.0 2.5
84240 84243 84245 84247  0.0 0.0
84404 84415 84407 84409 -120.0 2.5
84439 84442 84444 84446  0.0 0.0
84766 84777 84769 84771 -120.0 2.5
84801 84804 84806 84808  0.0 0.0
84876 84882 84880 84885  120.0 2.5
84893 84904 84896 84898 -120.0 2.5
84928 84931 84933 84935  0.0 0.0
85027 85038 85030 85032 -120.0 2.5
85062 85065 85067 85069  0.0 0.0
85226 85237 85229 85231 -120.0 2.5
85261 85264 85266 85268  0.0 0.0
85357 85368 85360 85362 -120.0 2.5
85392 85395 85397 85399  0.0 0.0
85497 85508 85500 85502 -120.0 2.5
85532 85535 85537 85539  0.0 0.0
85705 85716 85708 85710 -120.0 2.5
85740 85743 85745 85747  0.0 0.0
85904 85915 85907 85909 -120.0 2.5
85939 85942 85944 85946  0.0 0.0
86192 86203 86195 86197 -120.0 2.5
86227 86230 86232 86234  0.0 0.0
86302 86322 86318 86314  60.0 2.5
86322 86318 86314 86310 -60.0 2.5
86318 86314 86310 86306  60.0 2.5
86314 86310 86306 86302 -60.0 2.5
86310 86306 86302 86322  60.0 2.5
86306 86302 86322 86318 -60.0 2.5
86329 86340 86332 86334 -120.0 2.5
86364 86367 86369 86371  0.0 0.0
86513 86533 86529 86525  60.0 2.5
86533 86529 86525 86521 -60.0 2.5
86529 86525 86521 86517  60.0 2.5
86525 86521 86517 86513 -60.0 2.5
86521 86517 86513 86533  60.0 2.5
86517 86513 86533 86529 -60.0 2.5
86540 86551 86543 86545 -120.0 2.5
86575 86578 86580 86582  0.0 0.0
86674 86685 86677 86679 -120.0 2.5
86709 86712 86714 86716  0.0 0.0
86784 86790 86788 86793  120.0 2.5
86801 86812 86804 86806 -120.0 2.5
86836 86839 86841 86843  0.0 0.0
86935 86946 86938 86940 -120.0 2.5
86970 86973 86975 86977  0.0 0.0
87060 87071 87063 87065 -120.0 2.5
87095 87098 87100 87102  0.0 0.0
87339 87350 87342 87344 -120.0 2.5
87374 87377 87379 87381  0.0 0.0
87618 87629 87621 87623 -120.0 2.5
87653 87656 87658 87660  0.0 0.0
87749 87760 87752 87754 -120.0 2.5
87784 87787 87789 87791  0.0 0.0
87889 87900 87892 87894 -120.0 2.5
87924 87927 87929 87931  0.0 0.0
88104 88097 88102 88100  120.0 2.5
88108 88106 88104 88102 -120.0 2.5
88104 88108 88110 88112  180.0 0.0
89044 89055 89047 89049 -120.0 2.5
89079 89082 89084 89086  0.0 0.0
89178 89189 89181 89183 -120.0 2.5
89213 89216 89218 89220  0.0 0.0
89377 89388 89380 89382 -120.0 2.5
89412 89415 89417 89419  0.0 0.0
89517 89528 89520 89522 -120.0 2.5
89552 89555 89557 89559  0.0 0.0
89799 89810 89802 89804 -120.0 2.5
89834 89837 89839 89841  0.0 0.0
89924 89935 89927 89929 -120.0 2.5
89959 89962 89964 89966  0.0 0.0
90040 90060 90056 90052  60.0 2.5
90060 90056 90052 90048 -60.0 2.5
90056 90052 90048 90044  60.0 2.5
90052 90048 90044 90040 -60.0 2.5
90048 90044 90040 90060  60.0 2.5
90044 90040 90060 90056 -60.0 2.5
90067 90078 90070 90072 -120.0 2.5
90102 90105 90107 90109  0.0 0.0
90325 90345 90341 90337  60.0 2.5
90345 90341 90337 90333 -60.0 2.5
90341 90337 90333 90329  60.0 2.5
90337 90333 90329 90325 -60.0 2.5
90333 90329 90325 90345  60.0 2.5
90329 90325 90345 90341 -60.0 2.5
90352 90363 90355 90357 -120.0 2.5
90387 90390 90392 90394  0.0 0.0
90477 90488 90480 90482 -120.0 2.5
90512 90515 90517 90519  0.0 0.0
90756 90767 90759 90761 -120.0 2.5
90791 90794 90796 90798  0.0 0.0
91044 91055 91047 91049 -120.0 2.5
91079 91082 91084 91086  0.0 0.0
91333 91326 91331 91329  120.0 2.5
91337 91335 91333 91331 -120.0 2.5
91333 91337 91339 91341  180.0 0.0
91459 91470 91462 91464 -120.0 2.5
91494 91497 91499 91501  0.0 0.0
91667 91678 91670 91672 -120.0 2.5
91702 91705 91707 91709  0.0 0.0
91801 91812 91804 91806 -120.0 2.5
91836 91839 91841 91843  0.0 0.0
92222 92233 92225 92227 -120.0 2.5
92257 92260 92262 92264  0.0 0.0
92362 92373 92365 92367 -120.0 2.5
92397 92400 92402 92404  0.0 0.0
92546 92566 92562 92558  60.0 2.5
92566 92562 92558 92554 -60.0 2.5
92562 92558 92554 92550  60.0 2.5
92558 92554 92550 92546 -60.0 2.5
92554 92550 92546 92566  60.0 2.5
92550 92546 92566 92562 -60.0 2.5
92573 92584 92576 92578 -120.0 2.5
92608 92611 92613 92615  0.0 0.0
92707 92718 92710 92712 -120.0 2.5
92742 92745 92747 92749  0.0 0.0
92906 92917 92909 92911 -120.0 2.5
92941 92944 92946 92948  0.0 0.0
93037 93048 93040 93042 -120.0 2.5
93072 93075 93077 93079  0.0 0.0
93251 93262 93254 93256 -120.0 2.5
93286 93289 93291 93293  0.0 0.0
93598 93609 93601 93603 -120.0 2.5
93633 93636 93638 93640  0.0 0.0
93729 93740 93732 93734 -120.0 2.5
93764 93767 93769 93771  0.0 0.0
93919 93939 93935 93931  60.0 2.5
93939 93935 93931 93927 -60.0 2.5
93935 93931 93927 93923  60.0 2.5
93931 93927 93923 93919 -60.0 2.5
93927 93923 93919 93939  60.0 2.5
93923 93919 93939 93935 -60.0 2.5
93946 93957 93949 93951 -120.0 2.5
93981 93984 93986 93988  0.0 0.0
94080 94091 94083 94085 -120.0 2.5
94115 94118 94120 94122  0.0 0.0
94560 94566 94564 94569  120.0 2.5
94577 94588 94580 94582 -120.0 2.5
94612 94615 94617 94619  0.0 0.0
94702 94713 94705 94707 -120.0 2.5
94737 94740 94742 94744  0.0 0.0
94842 94853 94845 94847 -120.0 2.5
94877 94880 94882 94884  0.0 0.0
95026 95046 95042 95038  60.0 2.5
95046 95042 95038 95034 -60.0 2.5
95042 95038 95034 95030  60.0 2.5
95038 95034 95030 95026 -60.0 2.5
95034 95030 95026 95046  60.0 2.5
95030 95026 95046 95042 -60.0 2.5
95053 95064 95056 95058 -120.0 2.5
95088 95091 95093 95095  0.0 0.0
95178 95189 95181 95183 -120.0 2.5
95213 95216 95218 95220  0.0 0.0
95318 95329 95321 95323 -120.0 2.5
95353 95356 95358 95360  0.0 0.0
95739 95750 95742 95744 -120.0 2.5
95774 95777 95779 95781  0.0 0.0
95870 95881 95873 95875 -120.0 2.5
95905 95908 95910 95912  0.0 0.0
95986 95992 95990 95995  120.0 2.5
96003 96014 96006 96008 -120.0 2.5
96038 96041 96043 96045  0.0 0.0
96128 96139 96131 96133 -120.0 2.5
96163 96166 96168 96170  0.0 0.0
96268 96279 96271 96273 -120.0 2.5
96303 96306 96308 96310  0.0 0.0
96393 96404 96396 96398 -120.0 2.5
96428 96431 96433 96435  0.0 0.0
96607 96618 96610 96612 -120.0 2.5
96642 96645 96647 96649  0.0 0.0
96732 96743 96735 96737 -120.0 2.5
96767 96770 96772 96774  0.0 0.0
96863 96874 96866 96868 -120.0 2.5
96898 96901 96903 96905  0.0 0.0
97216 97227 97219 97221 -120.0 2.5
97251 97254 97256 97258  0.0 0.0
97347 97358 97350 97352 -120.0 2.5
97382 97385 97387 97389  0.0 0.0
97487 97498 97490 97492 -120.0 2.5
97522 97525 97527 97529  0.0 0.0
97597 97617 97613 97609  60.0 2.5
97617 97613 97609 97605 -60.0 2.5
97613 97609 97605 97601  60.0 2.5
97609 97605 97601 97597 -60.0 2.5
97605 97601 97597 97617  60.0 2.5
97601 97597 97617 97613 -60.0 2.5
97624 97635 97627 97629 -120.0 2.5
97659 97662 97664 97666  0.0 0.0
97734 97754 97750 97746  60.0 2.5
97754 97750 97746 97742 -60.0 2.5
97750 97746 97742 97738  60.0 2.5
97746 97742 97738 97734 -60.0 2.5
97742 97738 97734 97754  60.0 2.5
97738 97734 97754 97750 -60.0 2.5
97761 97772 97764 97766 -120.0 2.5
97796 97799 97801 97803  0.0 0.0
98272 98265 98270 98268  120.0 2.5
98276 98274 98272 98270 -120.0 2.5
98272 98276 98278 98280  180.0 0.0
98389 98400 98392 98394 -120.0 2.5
98424 98427 98429 98431  0.0 0.0
98529 98540 98532 98534 -120.0 2.5
98564 98567 98569 98571  0.0 0.0
98654 98665 98657 98659 -120.0 2.5
98689 98692 98694 98696  0.0 0.0
98785 98796 98788 98790 -120.0 2.5
98820 98823 98825 98827  0.0 0.0
98932 98925 98930 98928  120.0 2.5
98936 98934 98932 98930 -120.0 2.5
98932 98936 98938 98940  180.0 0.0
99182 99188 99186 99191  120.0 2.5
99199 99210 99202 99204 -120.0 2.5
99234 99237 99239 99241  0.0 0.0
99546 99557 99549 99551 -120.0 2.5
99581 99584 99586 99588  0.0 0.0
99825 99836 99828 99830 -120.0 2.5
99860 99863 99865 99867  0.0 0.0
99972 99965 99970 99968  120.0 2.5
99976 99974 99972 99970 -120.0 2.5
99972 99976 99978 99980  180.0 0.0
100098 100109 100101 100103 -120.0 2.5
100133 100136 100138 100140  0.0 0.0
100519 100530 100522 100524 -120.0 2.5
100554 100557 100559 100561  0.0 0.0
100635 100655 100651 100647  60.0 2.5
100655 100651 100647 100643 -60.0 2.5
100651 100647 100643 100639  60.0 2.5
100647 100643 100639 100635 -60.0 2.5
100643 100639 100635 100655  60.0 2.5
100639 100635 100655 100651 -60.0 2.5
100662 100673 100665 100667 -120.0 2.5
100697 100700 100702 100704  0.0 0.0
100935 100946 100938 100940 -120.0 2.5
100970 100973 100975 100977  0.0 0.0
101066 101077 101069 101071 -120.0 2.5
101101 101104 101106 101108  0.0 0.0
101345 101356 101348 101350 -120.0 2.5
101380 101383 101385 101387  0.0 0.0
101476 101487 101479 101481 -120.0 2.5
101511 101514 101516 101518  0.0 0.0
101838 101849 101841 101843 -120.0 2.5
101873 101876 101878 101880  0.0 0.0
102120 102131 102123 102125 -120.0 2.5
102155 102158 102160 102162  0.0 0.0
102328 102339 102331 102333 -120.0 2.5
102363 102366 102368 102370  0.0 0.0
102536 102547 102539 102541 -120.0 2.5
102571 102574 102576 102578  0.0 0.0
102661 102672 102664 102666 -120.0 2.5
102696 102699 102701 102703  0.0 0.0
102866 102877 102869 102871 -120.0 2.5
102901 102904 102906 102908  0.0 0.0
103376 103387 103379 103381 -120.0 2.5
103411 103414 103416 103418  0.0 0.0
103501 103512 103504 103506 -120.0 2.5
103536 103539 103541 103543  0.0 0.0
103789 103800 103792 103794 -120.0 2.5
103824 103827 103829 103831  0.0 0.0
103923 103934 103926 103928 -120.0 2.5
103958 103961 103963 103965  0.0 0.0
104131 104142 104134 104136 -120.0 2.5
104166 104169 104171 104173  0.0 0.0
104265 104276 104268 104270 -120.0 2.5
104300 104303 104305 104307  0.0 0.0
104621 104632 104624 104626 -120.0 2.5
104656 104659 104661 104663  0.0 0.0
104731 104751 104747 104743  60.0 2.5
104751 104747 104743 104739 -60.0 2.5
104747 104743 104739 104735  60.0 2.5
104743 104739 104735 104731 -60.0 2.5
104739 104735 104731 104751  60.0 2.5
104735 104731 104751 104747 -60.0 2.5
104758 104769 104761 104763 -120.0 2.5
104793 104796 104798 104800  0.0 0.0
104892 104903 104895 104897 -120.0 2.5
104927 104930 104932 104934  0.0 0.0
105224 105244 105240 105236  60.0 2.5
105244 105240 105236 105232 -60.0 2.5
105240 105236 105232 105228  60.0 2.5
105236 105232 105228 105224 -60.0 2.5
105232 105228 105224 105244  60.0 2.5
105228 105224 105244 105240 -60.0 2.5
105251 105262 105254 105256 -120.0 2.5
105286 105289 105291 105293  0.0 0.0
105376 105387 105379 105381 -120.0 2.5
105411 105414 105416 105418  0.0 0.0
105590 105601 105593 105595 -120.0 2.5
105625 105628 105630 105632  0.0 0.0
105724 105735 105727 105729 -120.0 2.5
105759 105762 105764 105766  0.0 0.0
105849 105860 105852 105854 -120.0 2.5
105884 105887 105889 105891  0.0 0.0
105989 106000 105992 105994 -120.0 2.5
106024 106027 106029 106031  0.0 0.0
106271 106282 106274 106276 -120.0 2.5
106306 106309 106311 106313  0.0 0.0
106396 106407 106399 106401 -120.0 2.5
106431 106434 106436 106438  0.0 0.0
106601 106612 106604 106606 -120.0 2.5
106636 106639 106641 106643  0.0 0.0
106741 106752 106744 106746 -120.0 2.5
106776 106779 106781 106783  0.0 0.0
106875 106886 106878 106880 -120.0 2.5
106910 106913 106915 106917  0.0 0.0
107000 107011 107003 107005 -120.0 2.5
107035 107038 107040 107042  0.0 0.0
107147 107140 107145 107143  120.0 2.5
107151 107149 107147 107145 -120.0 2.5
107147 107151 107153 107155  180.0 0.0
107495 107506 107498 107500 -120.0 2.5
107530 107533 107535 107537  0.0 0.0
107620 107631 107623 107625 -120.0 2.5
107655 107658 107660 107662  0.0 0.0
107760 107771 107763 107765 -120.0 2.5
107795 107798 107800 107802  0.0 0.0
107894 107905 107897 107899 -120.0 2.5
107929 107932 107934 107936  0.0 0.0
108109 108102 108107 108105  120.0 2.5
108113 108111 108109 108107 -120.0 2.5
108109 108113 108115 108117  180.0 0.0
108226 108237 108229 108231 -120.0 2.5
108261 108264 108266 108268  0.0 0.0
108366 108377 108369 108371 -120.0 2.5
108401 108404 108406 108408  0.0 0.0
108491 108502 108494 108496 -120.0 2.5
108526 108529 108531 108533  0.0 0.0
108696 108707 108699 108701 -120.0 2.5
108731 108734 108736 108738  0.0 0.0
108836 108847 108839 108841 -120.0 2.5
108871 108874 108876 108878  0.0 0.0
109479 109490 109482 109484 -120.0 2.5
109514 109517 109519 109521  0.0 0.0
109619 109630 109622 109624 -120.0 2.5
109654 109657 109659 109661  0.0 0.0
110040 110051 110043 110045 -120.0 2.5
110075 110078 110080 110082  0.0 0.0
110156 110176 110172 110168  60.0 2.5
110176 110172 110168 110164 -60.0 2.5
110172 110168 110164 110160  60.0 2.5
110168 110164 110160 110156 -60.0 2.5
110164 110160 110156 110176  60.0 2.5
110160 110156 110176 110172 -60.0 2.5
110183 110194 110186 110188 -120.0 2.5
110218 110221 110223 110225  0.0 0.0
110308 110319 110311 110313 -120.0 2.5
110343 110346 110348 110350  0.0 0.0
110448 110459 110451 110453 -120.0 2.5
110483 110486 110488 110490  0.0 0.0
110582 110593 110585 110587 -120.0 2.5
110617 110620 110622 110624  0.0 0.0
110945 110938 110943 110941  120.0 2.5
110949 110947 110945 110943 -120.0 2.5
110945 110949 110951 110953  180.0 0.0
111071 111082 111074 111076 -120.0 2.5
111106 111109 111111 111113  0.0 0.0
111427 111438 111430 111432 -120.0 2.5
111462 111465 111467 111469  0.0 0.0
111685 111705 111701 111697  60.0 2.5
111705 111701 111697 111693 -60.0 2.5
111701 111697 111693 111689  60.0 2.5
111697 111693 111689 111685 -60.0 2.5
111693 111689 111685 111705  60.0 2.5
111689 111685 111705 111701 -60.0 2.5
111712 111723 111715 111717 -120.0 2.5
111747 111750 111752 111754  0.0 0.0
111846 111857 111849 111851 -120.0 2.5
111881 111884 111886 111888  0.0 0.0
111971 111982 111974 111976 -120.0 2.5
112006 112009 112011 112013  0.0 0.0
112309 112315 112313 112318  120.0 2.5
112326 112337 112329 112331 -120.0 2.5
112361 112364 112366 112368  0.0 0.0
112525 112536 112528 112530 -120.0 2.5
112560 112563 112565 112567  0.0 0.0
112656 112667 112659 112661 -120.0 2.5
112691 112694 112696 112698  0.0 0.0
113216 113222 113220 113225  120.0 2.5
113233 113244 113236 113238 -120.0 2.5
113268 113271 113273 113275  0.0 0.0
113515 113526 113518 113520 -120.0 2.5
113550 113553 113555 113557  0.0 0.0
113640 113651 113643 113645 -120.0 2.5
113675 113678 113680 113682  0.0 0.0
114052 114058 114056 114061  120.0 2.5
114069 114080 114072 114074 -120.0 2.5
114104 114107 114109 114111  0.0 0.0
114179 114185 114183 114188  120.0 2.5
114196 114207 114199 114201 -120.0 2.5
114231 114234 114236 114238  0.0 0.0
114404 114415 114407 114409 -120.0 2.5
114439 114442 114444 114446  0.0 0.0
114529 114540 114532 114534 -120.0 2.5
114564 114567 114569 114571  0.0 0.0
114743 114754 114746 114748 -120.0 2.5
114778 114781 114783 114785  0.0 0.0
114877 114888 114880 114882 -120.0 2.5
114912 114915 114917 114919  0.0 0.0
