61689
61821
61956
62088
62223
62460
62595
62730
62862
62994
63126
63258
63393
63630
63762
63897
64029
64161
64296
64428
64560
64692
64827
64959
65091
65223
65355
65487
65619
65751
65883
66015
66147
66279
66411
66543
66675
66807
66939
67071
67203
67335
67467
67599
67731
67863
67995
68127
68259
68391
68523
68655
68790
68922
69054
69186
69318
69450
69585
69717
69849
69981
70113
70245
70377
70509
70641
70773
70905
71037
71169
71301
71433
71565
71697
71829
71961
72198
72330
72603
72735
73008
73140
73275
73407
73539
73671
73803
73935
74067
74199
74436
74571
74703
74838
74970
75102
75375
75507
75642
75915
76050
76185
76317
76449
76584
76716
76848
76980
77112
77244
77375
77457
77597
77714
77798
77932
78057
78188
78311
78385
78476
78600
78740
78865
78988
79062
79136
79227
79344
79418
79492
79566
79657
79774
79848
79922
79996
80070
80152
80275
80349
80423
80507
80624
80718
80843
80983
81108
81248
81382
81499
81573
81647
81721
81803
81934
82057
82148
82282
82398
82472
82546
82628
82751
82825
82916
83033
83115
83246
83369
83460
83577
83668
83793
83933
84066
84200
84317
84399
84522
84596
84670
84761
84888
85022
85139
85221
85352
85492
85609
85700
85817
85899
86022
86096
86187
86324
86441
86535
86669
86796
86930
87055
87178
87252
87334
87457
87531
87613
87744
87884
88001
88092
88208
88282
88356
88430
88504
88578
88652
88726
88800
88874
88948
89039
89173
89290
89372
89512
89629
89703
89794
89919
90062
90179
90253
90347
90472
90595
90669
90751
90874
90948
91039
91156
91230
91321
91454
91571
91662
91796
91913
91987
92061
92135
92217
92357
92474
92568
92702
92819
92901
93032
93155
93246
93363
93437
93511
93593
93724
93847
93941
94075
94192
94266
94340
94414
94488
94572
94697
94837
94954
95048
95173
95313
95430
95504
95578
95652
95734
95865
95998
96123
96263
96388
96511
96602
96727
96858
96981
97055
97129
97211
97342
97482
97619
97756
97873
97947
98021
98095
98169
98260
98384
98524
98649
98780
98920
99036
99110
99194
99311
99385
99459
99541
99664
99738
99820
99960
100093
100210
100284
100358
100432
100514
100657
100774
100848
100930
101061
101184
101258
101340
101471
101594
101668
101742
101833
101950
102024
102115
102232
102323
102440
102531
102656
102779
102861
102984
103058
103132
103206
103280
103371
103496
103619
103693
103784
103918
104035
104126
104260
104377
104451
104525
104616
104753
104887
105004
105078
105152
105246
105371
105494
105585
105719
105844
105984
106101
106175
106266
106391
106514
106596
106736
106870
106995
107135
107251
107325
107399
107490
107615
107755
107889
108006
108097
108221
108361
108486
108609
108691
108831
108948
109022
109096
109170
109244
109318
109392
109474
109614
109731
109805
109879
109953
110035
110178
110303
110443
110577
110694
110768
110842
110933
111066
111183
111257
111331
111422
111539
111613
111707
111841
111966
112089
112163
112237
112321
112438
112520
112651
112774
112848
112922
112996
113070
113144
113228
113345
113419
113510
113635
113758
113832
113906
113980
114064
114191
114308
114399
114524
114647
114738
114872
114989
