10837 10842 10840 10851  60.0 2.5
10842 10840 10851 10847 -60.0 2.5
10840 10851 10847 10843  60.0 2.5
10851 10847 10843 10837 -60.0 2.5
10847 10843 10837 10842  60.0 2.5
10843 10837 10842 10840 -60.0 2.5
10969 10974 10972 10986  60.0 2.5
10974 10972 10986 10979 -60.0 2.5
10972 10986 10979 10975  60.0 2.5
10986 10979 10975 10969 -60.0 2.5
10979 10975 10969 10974  60.0 2.5
10975 10969 10974 10972 -60.0 2.5
11104 11109 11107 11118  60.0 2.5
11109 11107 11118 11114 -60.0 2.5
11107 11118 11114 11110  60.0 2.5
11118 11114 11110 11104 -60.0 2.5
11114 11110 11104 11109  60.0 2.5
11110 11104 11109 11107 -60.0 2.5
11236 11241 11239 11253  60.0 2.5
11241 11239 11253 11246 -60.0 2.5
11239 11253 11246 11242  60.0 2.5
11253 11246 11242 11236 -60.0 2.5
11246 11242 11236 11241  60.0 2.5
11242 11236 11241 11239 -60.0 2.5
11371 11376 11374 11385  60.0 2.5
11376 11374 11385 11381 -60.0 2.5
11374 11385 11381 11377  60.0 2.5
11385 11381 11377 11371 -60.0 2.5
11381 11377 11371 11376  60.0 2.5
11377 11371 11376 11374 -60.0 2.5
11393 11397 11395 11405  60.0 2.5
11397 11395 11405 11402 -60.0 2.5
11395 11405 11402 11398  60.0 2.5
11405 11402 11398 11393 -60.0 2.5
11402 11398 11393 11397  60.0 2.5
11398 11393 11397 11395 -60.0 2.5
11413 11417 11415 11431  60.0 2.5
11417 11415 11431 11428 -60.0 2.5
11415 11431 11428 11418  60.0 2.5
11431 11428 11418 11413 -60.0 2.5
11428 11418 11413 11417  60.0 2.5
11418 11413 11417 11415 -60.0 2.5
11440 11444 11442 11453  60.0 2.5
11444 11442 11453 11449 -60.0 2.5
11442 11453 11449 11445  60.0 2.5
11453 11449 11445 11440 -60.0 2.5
11449 11445 11440 11444  60.0 2.5
11445 11440 11444 11442 -60.0 2.5
11465 11468 11466 11476 -60.0 2.5
11468 11466 11476 11472  60.0 2.5
11466 11476 11472 11469 -60.0 2.5
11476 11472 11469 11465  60.0 2.5
11472 11469 11465 11468 -60.0 2.5
11469 11465 11468 11466  60.0 2.5
11608 11613 11611 11625  60.0 2.5
11613 11611 11625 11618 -60.0 2.5
11611 11625 11618 11614  60.0 2.5
11625 11618 11614 11608 -60.0 2.5
11618 11614 11608 11613  60.0 2.5
11614 11608 11613 11611 -60.0 2.5
11743 11748 11746 11760  60.0 2.5
11748 11746 11760 11753 -60.0 2.5
11746 11760 11753 11749  60.0 2.5
11760 11753 11749 11743 -60.0 2.5
11753 11749 11743 11748  60.0 2.5
11749 11743 11748 11746 -60.0 2.5
11878 11883 11881 11892  60.0 2.5
11883 11881 11892 11888 -60.0 2.5
11881 11892 11888 11884  60.0 2.5
11892 11888 11884 11878 -60.0 2.5
11888 11884 11878 11883  60.0 2.5
11884 11878 11883 11881 -60.0 2.5
12010 12015 12013 12024  60.0 2.5
12015 12013 12024 12020 -60.0 2.5
12013 12024 12020 12016  60.0 2.5
12024 12020 12016 12010 -60.0 2.5
12020 12016 12010 12015  60.0 2.5
12016 12010 12015 12013 -60.0 2.5
12142 12147 12145 12156  60.0 2.5
12147 12145 12156 12152 -60.0 2.5
12145 12156 12152 12148  60.0 2.5
12156 12152 12148 12142 -60.0 2.5
12152 12148 12142 12147  60.0 2.5
12148 12142 12147 12145 -60.0 2.5
12274 12279 12277 12288  60.0 2.5
12279 12277 12288 12284 -60.0 2.5
12277 12288 12284 12280  60.0 2.5
12288 12284 12280 12274 -60.0 2.5
12284 12280 12274 12279  60.0 2.5
12280 12274 12279 12277 -60.0 2.5
12406 12411 12409 12423  60.0 2.5
12411 12409 12423 12416 -60.0 2.5
12409 12423 12416 12412  60.0 2.5
12423 12416 12412 12406 -60.0 2.5
12416 12412 12406 12411  60.0 2.5
12412 12406 12411 12409 -60.0 2.5
12541 12546 12544 12555  60.0 2.5
12546 12544 12555 12551 -60.0 2.5
12544 12555 12551 12547  60.0 2.5
12555 12551 12547 12541 -60.0 2.5
12551 12547 12541 12546  60.0 2.5
12547 12541 12546 12544 -60.0 2.5
12563 12567 12565 12575  60.0 2.5
12567 12565 12575 12572 -60.0 2.5
12565 12575 12572 12568  60.0 2.5
12575 12572 12568 12563 -60.0 2.5
12572 12568 12563 12567  60.0 2.5
12568 12563 12567 12565 -60.0 2.5
12583 12587 12585 12601  60.0 2.5
12587 12585 12601 12598 -60.0 2.5
12585 12601 12598 12588  60.0 2.5
12601 12598 12588 12583 -60.0 2.5
12598 12588 12583 12587  60.0 2.5
12588 12583 12587 12585 -60.0 2.5
12610 12614 12612 12623  60.0 2.5
12614 12612 12623 12619 -60.0 2.5
12612 12623 12619 12615  60.0 2.5
12623 12619 12615 12610 -60.0 2.5
12619 12615 12610 12614  60.0 2.5
12615 12610 12614 12612 -60.0 2.5
12635 12638 12636 12646 -60.0 2.5
12638 12636 12646 12642  60.0 2.5
12636 12646 12642 12639 -60.0 2.5
12646 12642 12639 12635  60.0 2.5
12642 12639 12635 12638 -60.0 2.5
12639 12635 12638 12636  60.0 2.5
12778 12783 12781 12792  60.0 2.5
12783 12781 12792 12788 -60.0 2.5
12781 12792 12788 12784  60.0 2.5
12792 12788 12784 12778 -60.0 2.5
12788 12784 12778 12783  60.0 2.5
12784 12778 12783 12781 -60.0 2.5
12910 12915 12913 12927  60.0 2.5
12915 12913 12927 12920 -60.0 2.5
12913 12927 12920 12916  60.0 2.5
12927 12920 12916 12910 -60.0 2.5
12920 12916 12910 12915  60.0 2.5
12916 12910 12915 12913 -60.0 2.5
13045 13050 13048 13059  60.0 2.5
13050 13048 13059 13055 -60.0 2.5
13048 13059 13055 13051  60.0 2.5
13059 13055 13051 13045 -60.0 2.5
13055 13051 13045 13050  60.0 2.5
13051 13045 13050 13048 -60.0 2.5
13177 13182 13180 13191  60.0 2.5
13182 13180 13191 13187 -60.0 2.5
13180 13191 13187 13183  60.0 2.5
13191 13187 13183 13177 -60.0 2.5
13187 13183 13177 13182  60.0 2.5
13183 13177 13182 13180 -60.0 2.5
13309 13314 13312 13326  60.0 2.5
13314 13312 13326 13319 -60.0 2.5
13312 13326 13319 13315  60.0 2.5
13326 13319 13315 13309 -60.0 2.5
13319 13315 13309 13314  60.0 2.5
13315 13309 13314 13312 -60.0 2.5
13444 13449 13447 13458  60.0 2.5
13449 13447 13458 13454 -60.0 2.5
13447 13458 13454 13450  60.0 2.5
13458 13454 13450 13444 -60.0 2.5
13454 13450 13444 13449  60.0 2.5
13450 13444 13449 13447 -60.0 2.5
13576 13581 13579 13590  60.0 2.5
13581 13579 13590 13586 -60.0 2.5
13579 13590 13586 13582  60.0 2.5
13590 13586 13582 13576 -60.0 2.5
13586 13582 13576 13581  60.0 2.5
13582 13576 13581 13579 -60.0 2.5
13708 13713 13711 13722  60.0 2.5
13713 13711 13722 13718 -60.0 2.5
13711 13722 13718 13714  60.0 2.5
13722 13718 13714 13708 -60.0 2.5
13718 13714 13708 13713  60.0 2.5
13714 13708 13713 13711 -60.0 2.5
13840 13845 13843 13857  60.0 2.5
13845 13843 13857 13850 -60.0 2.5
13843 13857 13850 13846  60.0 2.5
13857 13850 13846 13840 -60.0 2.5
13850 13846 13840 13845  60.0 2.5
13846 13840 13845 13843 -60.0 2.5
13975 13980 13978 13989  60.0 2.5
13980 13978 13989 13985 -60.0 2.5
13978 13989 13985 13981  60.0 2.5
13989 13985 13981 13975 -60.0 2.5
13985 13981 13975 13980  60.0 2.5
13981 13975 13980 13978 -60.0 2.5
14107 14112 14110 14121  60.0 2.5
14112 14110 14121 14117 -60.0 2.5
14110 14121 14117 14113  60.0 2.5
14121 14117 14113 14107 -60.0 2.5
14117 14113 14107 14112  60.0 2.5
14113 14107 14112 14110 -60.0 2.5
14239 14244 14242 14253  60.0 2.5
14244 14242 14253 14249 -60.0 2.5
14242 14253 14249 14245  60.0 2.5
14253 14249 14245 14239 -60.0 2.5
14249 14245 14239 14244  60.0 2.5
14245 14239 14244 14242 -60.0 2.5
14371 14376 14374 14385  60.0 2.5
14376 14374 14385 14381 -60.0 2.5
14374 14385 14381 14377  60.0 2.5
14385 14381 14377 14371 -60.0 2.5
14381 14377 14371 14376  60.0 2.5
14377 14371 14376 14374 -60.0 2.5
14503 14508 14506 14517  60.0 2.5
14508 14506 14517 14513 -60.0 2.5
14506 14517 14513 14509  60.0 2.5
14517 14513 14509 14503 -60.0 2.5
14513 14509 14503 14508  60.0 2.5
14509 14503 14508 14506 -60.0 2.5
14635 14640 14638 14649  60.0 2.5
14640 14638 14649 14645 -60.0 2.5
14638 14649 14645 14641  60.0 2.5
14649 14645 14641 14635 -60.0 2.5
14645 14641 14635 14640  60.0 2.5
14641 14635 14640 14638 -60.0 2.5
14767 14772 14770 14781  60.0 2.5
14772 14770 14781 14777 -60.0 2.5
14770 14781 14777 14773  60.0 2.5
14781 14777 14773 14767 -60.0 2.5
14777 14773 14767 14772  60.0 2.5
14773 14767 14772 14770 -60.0 2.5
14899 14904 14902 14913  60.0 2.5
14904 14902 14913 14909 -60.0 2.5
14902 14913 14909 14905  60.0 2.5
14913 14909 14905 14899 -60.0 2.5
14909 14905 14899 14904  60.0 2.5
14905 14899 14904 14902 -60.0 2.5
15031 15036 15034 15045  60.0 2.5
15036 15034 15045 15041 -60.0 2.5
15034 15045 15041 15037  60.0 2.5
15045 15041 15037 15031 -60.0 2.5
15041 15037 15031 15036  60.0 2.5
15037 15031 15036 15034 -60.0 2.5
15163 15168 15166 15177  60.0 2.5
15168 15166 15177 15173 -60.0 2.5
15166 15177 15173 15169  60.0 2.5
15177 15173 15169 15163 -60.0 2.5
15173 15169 15163 15168  60.0 2.5
15169 15163 15168 15166 -60.0 2.5
15295 15300 15298 15309  60.0 2.5
15300 15298 15309 15305 -60.0 2.5
15298 15309 15305 15301  60.0 2.5
15309 15305 15301 15295 -60.0 2.5
15305 15301 15295 15300  60.0 2.5
15301 15295 15300 15298 -60.0 2.5
15427 15432 15430 15441  60.0 2.5
15432 15430 15441 15437 -60.0 2.5
15430 15441 15437 15433  60.0 2.5
15441 15437 15433 15427 -60.0 2.5
15437 15433 15427 15432  60.0 2.5
15433 15427 15432 15430 -60.0 2.5
15559 15564 15562 15573  60.0 2.5
15564 15562 15573 15569 -60.0 2.5
15562 15573 15569 15565  60.0 2.5
15573 15569 15565 15559 -60.0 2.5
15569 15565 15559 15564  60.0 2.5
15565 15559 15564 15562 -60.0 2.5
15691 15696 15694 15705  60.0 2.5
15696 15694 15705 15701 -60.0 2.5
15694 15705 15701 15697  60.0 2.5
15705 15701 15697 15691 -60.0 2.5
15701 15697 15691 15696  60.0 2.5
15697 15691 15696 15694 -60.0 2.5
15823 15828 15826 15837  60.0 2.5
15828 15826 15837 15833 -60.0 2.5
15826 15837 15833 15829  60.0 2.5
15837 15833 15829 15823 -60.0 2.5
15833 15829 15823 15828  60.0 2.5
15829 15823 15828 15826 -60.0 2.5
15955 15960 15958 15969  60.0 2.5
15960 15958 15969 15965 -60.0 2.5
15958 15969 15965 15961  60.0 2.5
15969 15965 15961 15955 -60.0 2.5
15965 15961 15955 15960  60.0 2.5
15961 15955 15960 15958 -60.0 2.5
16087 16092 16090 16101  60.0 2.5
16092 16090 16101 16097 -60.0 2.5
16090 16101 16097 16093  60.0 2.5
16101 16097 16093 16087 -60.0 2.5
16097 16093 16087 16092  60.0 2.5
16093 16087 16092 16090 -60.0 2.5
16219 16224 16222 16233  60.0 2.5
16224 16222 16233 16229 -60.0 2.5
16222 16233 16229 16225  60.0 2.5
16233 16229 16225 16219 -60.0 2.5
16229 16225 16219 16224  60.0 2.5
16225 16219 16224 16222 -60.0 2.5
16351 16356 16354 16365  60.0 2.5
16356 16354 16365 16361 -60.0 2.5
16354 16365 16361 16357  60.0 2.5
16365 16361 16357 16351 -60.0 2.5
16361 16357 16351 16356  60.0 2.5
16357 16351 16356 16354 -60.0 2.5
16483 16488 16486 16497  60.0 2.5
16488 16486 16497 16493 -60.0 2.5
16486 16497 16493 16489  60.0 2.5
16497 16493 16489 16483 -60.0 2.5
16493 16489 16483 16488  60.0 2.5
16489 16483 16488 16486 -60.0 2.5
16615 16620 16618 16629  60.0 2.5
16620 16618 16629 16625 -60.0 2.5
16618 16629 16625 16621  60.0 2.5
16629 16625 16621 16615 -60.0 2.5
16625 16621 16615 16620  60.0 2.5
16621 16615 16620 16618 -60.0 2.5
16747 16752 16750 16761  60.0 2.5
16752 16750 16761 16757 -60.0 2.5
16750 16761 16757 16753  60.0 2.5
16761 16757 16753 16747 -60.0 2.5
16757 16753 16747 16752  60.0 2.5
16753 16747 16752 16750 -60.0 2.5
16879 16884 16882 16893  60.0 2.5
16884 16882 16893 16889 -60.0 2.5
16882 16893 16889 16885  60.0 2.5
16893 16889 16885 16879 -60.0 2.5
16889 16885 16879 16884  60.0 2.5
16885 16879 16884 16882 -60.0 2.5
17011 17016 17014 17025  60.0 2.5
17016 17014 17025 17021 -60.0 2.5
17014 17025 17021 17017  60.0 2.5
17025 17021 17017 17011 -60.0 2.5
17021 17017 17011 17016  60.0 2.5
17017 17011 17016 17014 -60.0 2.5
17143 17148 17146 17157  60.0 2.5
17148 17146 17157 17153 -60.0 2.5
17146 17157 17153 17149  60.0 2.5
17157 17153 17149 17143 -60.0 2.5
17153 17149 17143 17148  60.0 2.5
17149 17143 17148 17146 -60.0 2.5
17275 17280 17278 17289  60.0 2.5
17280 17278 17289 17285 -60.0 2.5
17278 17289 17285 17281  60.0 2.5
17289 17285 17281 17275 -60.0 2.5
17285 17281 17275 17280  60.0 2.5
17281 17275 17280 17278 -60.0 2.5
17407 17412 17410 17421  60.0 2.5
17412 17410 17421 17417 -60.0 2.5
17410 17421 17417 17413  60.0 2.5
17421 17417 17413 17407 -60.0 2.5
17417 17413 17407 17412  60.0 2.5
17413 17407 17412 17410 -60.0 2.5
17539 17544 17542 17553  60.0 2.5
17544 17542 17553 17549 -60.0 2.5
17542 17553 17549 17545  60.0 2.5
17553 17549 17545 17539 -60.0 2.5
17549 17545 17539 17544  60.0 2.5
17545 17539 17544 17542 -60.0 2.5
17671 17676 17674 17685  60.0 2.5
17676 17674 17685 17681 -60.0 2.5
17674 17685 17681 17677  60.0 2.5
17685 17681 17677 17671 -60.0 2.5
17681 17677 17671 17676  60.0 2.5
17677 17671 17676 17674 -60.0 2.5
17803 17808 17806 17820  60.0 2.5
17808 17806 17820 17813 -60.0 2.5
17806 17820 17813 17809  60.0 2.5
17820 17813 17809 17803 -60.0 2.5
17813 17809 17803 17808  60.0 2.5
17809 17803 17808 17806 -60.0 2.5
17938 17943 17941 17952  60.0 2.5
17943 17941 17952 17948 -60.0 2.5
17941 17952 17948 17944  60.0 2.5
17952 17948 17944 17938 -60.0 2.5
17948 17944 17938 17943  60.0 2.5
17944 17938 17943 17941 -60.0 2.5
18070 18075 18073 18084  60.0 2.5
18075 18073 18084 18080 -60.0 2.5
18073 18084 18080 18076  60.0 2.5
18084 18080 18076 18070 -60.0 2.5
18080 18076 18070 18075  60.0 2.5
18076 18070 18075 18073 -60.0 2.5
18202 18207 18205 18216  60.0 2.5
18207 18205 18216 18212 -60.0 2.5
18205 18216 18212 18208  60.0 2.5
18216 18212 18208 18202 -60.0 2.5
18212 18208 18202 18207  60.0 2.5
18208 18202 18207 18205 -60.0 2.5
18334 18339 18337 18348  60.0 2.5
18339 18337 18348 18344 -60.0 2.5
18337 18348 18344 18340  60.0 2.5
18348 18344 18340 18334 -60.0 2.5
18344 18340 18334 18339  60.0 2.5
18340 18334 18339 18337 -60.0 2.5
18466 18471 18469 18480  60.0 2.5
18471 18469 18480 18476 -60.0 2.5
18469 18480 18476 18472  60.0 2.5
18480 18476 18472 18466 -60.0 2.5
18476 18472 18466 18471  60.0 2.5
18472 18466 18471 18469 -60.0 2.5
18598 18603 18601 18615  60.0 2.5
18603 18601 18615 18608 -60.0 2.5
18601 18615 18608 18604  60.0 2.5
18615 18608 18604 18598 -60.0 2.5
18608 18604 18598 18603  60.0 2.5
18604 18598 18603 18601 -60.0 2.5
18733 18738 18736 18747  60.0 2.5
18738 18736 18747 18743 -60.0 2.5
18736 18747 18743 18739  60.0 2.5
18747 18743 18739 18733 -60.0 2.5
18743 18739 18733 18738  60.0 2.5
18739 18733 18738 18736 -60.0 2.5
18865 18870 18868 18879  60.0 2.5
18870 18868 18879 18875 -60.0 2.5
18868 18879 18875 18871  60.0 2.5
18879 18875 18871 18865 -60.0 2.5
18875 18871 18865 18870  60.0 2.5
18871 18865 18870 18868 -60.0 2.5
18997 19002 19000 19011  60.0 2.5
19002 19000 19011 19007 -60.0 2.5
19000 19011 19007 19003  60.0 2.5
19011 19007 19003 18997 -60.0 2.5
19007 19003 18997 19002  60.0 2.5
19003 18997 19002 19000 -60.0 2.5
19129 19134 19132 19143  60.0 2.5
19134 19132 19143 19139 -60.0 2.5
19132 19143 19139 19135  60.0 2.5
19143 19139 19135 19129 -60.0 2.5
19139 19135 19129 19134  60.0 2.5
19135 19129 19134 19132 -60.0 2.5
19261 19266 19264 19275  60.0 2.5
19266 19264 19275 19271 -60.0 2.5
19264 19275 19271 19267  60.0 2.5
19275 19271 19267 19261 -60.0 2.5
19271 19267 19261 19266  60.0 2.5
19267 19261 19266 19264 -60.0 2.5
19393 19398 19396 19407  60.0 2.5
19398 19396 19407 19403 -60.0 2.5
19396 19407 19403 19399  60.0 2.5
19407 19403 19399 19393 -60.0 2.5
19403 19399 19393 19398  60.0 2.5
19399 19393 19398 19396 -60.0 2.5
19525 19530 19528 19539  60.0 2.5
19530 19528 19539 19535 -60.0 2.5
19528 19539 19535 19531  60.0 2.5
19539 19535 19531 19525 -60.0 2.5
19535 19531 19525 19530  60.0 2.5
19531 19525 19530 19528 -60.0 2.5
19657 19662 19660 19671  60.0 2.5
19662 19660 19671 19667 -60.0 2.5
19660 19671 19667 19663  60.0 2.5
19671 19667 19663 19657 -60.0 2.5
19667 19663 19657 19662  60.0 2.5
19663 19657 19662 19660 -60.0 2.5
19789 19794 19792 19803  60.0 2.5
19794 19792 19803 19799 -60.0 2.5
19792 19803 19799 19795  60.0 2.5
19803 19799 19795 19789 -60.0 2.5
19799 19795 19789 19794  60.0 2.5
19795 19789 19794 19792 -60.0 2.5
19921 19926 19924 19935  60.0 2.5
19926 19924 19935 19931 -60.0 2.5
19924 19935 19931 19927  60.0 2.5
19935 19931 19927 19921 -60.0 2.5
19931 19927 19921 19926  60.0 2.5
19927 19921 19926 19924 -60.0 2.5
20053 20058 20056 20067  60.0 2.5
20058 20056 20067 20063 -60.0 2.5
20056 20067 20063 20059  60.0 2.5
20067 20063 20059 20053 -60.0 2.5
20063 20059 20053 20058  60.0 2.5
20059 20053 20058 20056 -60.0 2.5
20185 20190 20188 20199  60.0 2.5
20190 20188 20199 20195 -60.0 2.5
20188 20199 20195 20191  60.0 2.5
20199 20195 20191 20185 -60.0 2.5
20195 20191 20185 20190  60.0 2.5
20191 20185 20190 20188 -60.0 2.5
20317 20322 20320 20331  60.0 2.5
20322 20320 20331 20327 -60.0 2.5
20320 20331 20327 20323  60.0 2.5
20331 20327 20323 20317 -60.0 2.5
20327 20323 20317 20322  60.0 2.5
20323 20317 20322 20320 -60.0 2.5
20449 20454 20452 20463  60.0 2.5
20454 20452 20463 20459 -60.0 2.5
20452 20463 20459 20455  60.0 2.5
20463 20459 20455 20449 -60.0 2.5
20459 20455 20449 20454  60.0 2.5
20455 20449 20454 20452 -60.0 2.5
20581 20586 20584 20595  60.0 2.5
20586 20584 20595 20591 -60.0 2.5
20584 20595 20591 20587  60.0 2.5
20595 20591 20587 20581 -60.0 2.5
20591 20587 20581 20586  60.0 2.5
20587 20581 20586 20584 -60.0 2.5
20713 20718 20716 20727  60.0 2.5
20718 20716 20727 20723 -60.0 2.5
20716 20727 20723 20719  60.0 2.5
20727 20723 20719 20713 -60.0 2.5
20723 20719 20713 20718  60.0 2.5
20719 20713 20718 20716 -60.0 2.5
20845 20850 20848 20859  60.0 2.5
20850 20848 20859 20855 -60.0 2.5
20848 20859 20855 20851  60.0 2.5
20859 20855 20851 20845 -60.0 2.5
20855 20851 20845 20850  60.0 2.5
20851 20845 20850 20848 -60.0 2.5
20977 20982 20980 20991  60.0 2.5
20982 20980 20991 20987 -60.0 2.5
20980 20991 20987 20983  60.0 2.5
20991 20987 20983 20977 -60.0 2.5
20987 20983 20977 20982  60.0 2.5
20983 20977 20982 20980 -60.0 2.5
21109 21114 21112 21123  60.0 2.5
21114 21112 21123 21119 -60.0 2.5
21112 21123 21119 21115  60.0 2.5
21123 21119 21115 21109 -60.0 2.5
21119 21115 21109 21114  60.0 2.5
21115 21109 21114 21112 -60.0 2.5
21131 21135 21133 21143  60.0 2.5
21135 21133 21143 21140 -60.0 2.5
21133 21143 21140 21136  60.0 2.5
21143 21140 21136 21131 -60.0 2.5
21140 21136 21131 21135  60.0 2.5
21136 21131 21135 21133 -60.0 2.5
21151 21155 21153 21169  60.0 2.5
21155 21153 21169 21166 -60.0 2.5
21153 21169 21166 21156  60.0 2.5
21169 21166 21156 21151 -60.0 2.5
21166 21156 21151 21155  60.0 2.5
21156 21151 21155 21153 -60.0 2.5
21178 21182 21180 21191  60.0 2.5
21182 21180 21191 21187 -60.0 2.5
21180 21191 21187 21183  60.0 2.5
21191 21187 21183 21178 -60.0 2.5
21187 21183 21178 21182  60.0 2.5
21183 21178 21182 21180 -60.0 2.5
21203 21206 21204 21214 -60.0 2.5
21206 21204 21214 21210  60.0 2.5
21204 21214 21210 21207 -60.0 2.5
21214 21210 21207 21203  60.0 2.5
21210 21207 21203 21206 -60.0 2.5
21207 21203 21206 21204  60.0 2.5
21346 21351 21349 21360  60.0 2.5
21351 21349 21360 21356 -60.0 2.5
21349 21360 21356 21352  60.0 2.5
21360 21356 21352 21346 -60.0 2.5
21356 21352 21346 21351  60.0 2.5
21352 21346 21351 21349 -60.0 2.5
21478 21483 21481 21492  60.0 2.5
21483 21481 21492 21488 -60.0 2.5
21481 21492 21488 21484  60.0 2.5
21492 21488 21484 21478 -60.0 2.5
21488 21484 21478 21483  60.0 2.5
21484 21478 21483 21481 -60.0 2.5
21500 21504 21502 21512  60.0 2.5
21504 21502 21512 21509 -60.0 2.5
21502 21512 21509 21505  60.0 2.5
21512 21509 21505 21500 -60.0 2.5
21509 21505 21500 21504  60.0 2.5
21505 21500 21504 21502 -60.0 2.5
21520 21524 21522 21538  60.0 2.5
21524 21522 21538 21535 -60.0 2.5
21522 21538 21535 21525  60.0 2.5
21538 21535 21525 21520 -60.0 2.5
21535 21525 21520 21524  60.0 2.5
21525 21520 21524 21522 -60.0 2.5
21547 21551 21549 21559  60.0 2.5
21551 21549 21559 21556 -60.0 2.5
21549 21559 21556 21552  60.0 2.5
21559 21556 21552 21547 -60.0 2.5
21556 21552 21547 21551  60.0 2.5
21552 21547 21551 21549 -60.0 2.5
21571 21574 21572 21582 -60.0 2.5
21574 21572 21582 21578  60.0 2.5
21572 21582 21578 21575 -60.0 2.5
21582 21578 21575 21571  60.0 2.5
21578 21575 21571 21574 -60.0 2.5
21575 21571 21574 21572  60.0 2.5
21608 21611 21609 21619 -60.0 2.5
21611 21609 21619 21615  60.0 2.5
21609 21619 21615 21612 -60.0 2.5
21619 21615 21612 21608  60.0 2.5
21615 21612 21608 21611 -60.0 2.5
21612 21608 21611 21609  60.0 2.5
21751 21756 21754 21765  60.0 2.5
21756 21754 21765 21761 -60.0 2.5
21754 21765 21761 21757  60.0 2.5
21765 21761 21757 21751 -60.0 2.5
21761 21757 21751 21756  60.0 2.5
21757 21751 21756 21754 -60.0 2.5
21883 21888 21886 21897  60.0 2.5
21888 21886 21897 21893 -60.0 2.5
21886 21897 21893 21889  60.0 2.5
21897 21893 21889 21883 -60.0 2.5
21893 21889 21883 21888  60.0 2.5
21889 21883 21888 21886 -60.0 2.5
21905 21909 21907 21917  60.0 2.5
21909 21907 21917 21914 -60.0 2.5
21907 21917 21914 21910  60.0 2.5
21917 21914 21910 21905 -60.0 2.5
21914 21910 21905 21909  60.0 2.5
21910 21905 21909 21907 -60.0 2.5
21925 21929 21927 21943  60.0 2.5
21929 21927 21943 21940 -60.0 2.5
21927 21943 21940 21930  60.0 2.5
21943 21940 21930 21925 -60.0 2.5
21940 21930 21925 21929  60.0 2.5
21930 21925 21929 21927 -60.0 2.5
21952 21956 21954 21964  60.0 2.5
21956 21954 21964 21961 -60.0 2.5
21954 21964 21961 21957  60.0 2.5
21964 21961 21957 21952 -60.0 2.5
21961 21957 21952 21956  60.0 2.5
21957 21952 21956 21954 -60.0 2.5
21976 21979 21977 21987 -60.0 2.5
21979 21977 21987 21983  60.0 2.5
21977 21987 21983 21980 -60.0 2.5
21987 21983 21980 21976  60.0 2.5
21983 21980 21976 21979 -60.0 2.5
21980 21976 21979 21977  60.0 2.5
22013 22016 22014 22024 -60.0 2.5
22016 22014 22024 22020  60.0 2.5
22014 22024 22020 22017 -60.0 2.5
22024 22020 22017 22013  60.0 2.5
22020 22017 22013 22016 -60.0 2.5
22017 22013 22016 22014  60.0 2.5
22156 22161 22159 22170  60.0 2.5
22161 22159 22170 22166 -60.0 2.5
22159 22170 22166 22162  60.0 2.5
22170 22166 22162 22156 -60.0 2.5
22166 22162 22156 22161  60.0 2.5
22162 22156 22161 22159 -60.0 2.5
22288 22293 22291 22305  60.0 2.5
22293 22291 22305 22298 -60.0 2.5
22291 22305 22298 22294  60.0 2.5
22305 22298 22294 22288 -60.0 2.5
22298 22294 22288 22293  60.0 2.5
22294 22288 22293 22291 -60.0 2.5
22423 22428 22426 22437  60.0 2.5
22428 22426 22437 22433 -60.0 2.5
22426 22437 22433 22429  60.0 2.5
22437 22433 22429 22423 -60.0 2.5
22433 22429 22423 22428  60.0 2.5
22429 22423 22428 22426 -60.0 2.5
22555 22560 22558 22569  60.0 2.5
22560 22558 22569 22565 -60.0 2.5
22558 22569 22565 22561  60.0 2.5
22569 22565 22561 22555 -60.0 2.5
22565 22561 22555 22560  60.0 2.5
22561 22555 22560 22558 -60.0 2.5
22687 22692 22690 22701  60.0 2.5
22692 22690 22701 22697 -60.0 2.5
22690 22701 22697 22693  60.0 2.5
22701 22697 22693 22687 -60.0 2.5
22697 22693 22687 22692  60.0 2.5
22693 22687 22692 22690 -60.0 2.5
22819 22824 22822 22833  60.0 2.5
22824 22822 22833 22829 -60.0 2.5
22822 22833 22829 22825  60.0 2.5
22833 22829 22825 22819 -60.0 2.5
22829 22825 22819 22824  60.0 2.5
22825 22819 22824 22822 -60.0 2.5
22951 22956 22954 22965  60.0 2.5
22956 22954 22965 22961 -60.0 2.5
22954 22965 22961 22957  60.0 2.5
22965 22961 22957 22951 -60.0 2.5
22961 22957 22951 22956  60.0 2.5
22957 22951 22956 22954 -60.0 2.5
23083 23088 23086 23097  60.0 2.5
23088 23086 23097 23093 -60.0 2.5
23086 23097 23093 23089  60.0 2.5
23097 23093 23089 23083 -60.0 2.5
23093 23089 23083 23088  60.0 2.5
23089 23083 23088 23086 -60.0 2.5
23215 23220 23218 23229  60.0 2.5
23220 23218 23229 23225 -60.0 2.5
23218 23229 23225 23221  60.0 2.5
23229 23225 23221 23215 -60.0 2.5
23225 23221 23215 23220  60.0 2.5
23221 23215 23220 23218 -60.0 2.5
23347 23352 23350 23361  60.0 2.5
23352 23350 23361 23357 -60.0 2.5
23350 23361 23357 23353  60.0 2.5
23361 23357 23353 23347 -60.0 2.5
23357 23353 23347 23352  60.0 2.5
23353 23347 23352 23350 -60.0 2.5
23369 23373 23371 23381  60.0 2.5
23373 23371 23381 23378 -60.0 2.5
23371 23381 23378 23374  60.0 2.5
23381 23378 23374 23369 -60.0 2.5
23378 23374 23369 23373  60.0 2.5
23374 23369 23373 23371 -60.0 2.5
23389 23393 23391 23407  60.0 2.5
23393 23391 23407 23404 -60.0 2.5
23391 23407 23404 23394  60.0 2.5
23407 23404 23394 23389 -60.0 2.5
23404 23394 23389 23393  60.0 2.5
23394 23389 23393 23391 -60.0 2.5
23416 23420 23418 23429  60.0 2.5
23420 23418 23429 23425 -60.0 2.5
23418 23429 23425 23421  60.0 2.5
23429 23425 23421 23416 -60.0 2.5
23425 23421 23416 23420  60.0 2.5
23421 23416 23420 23418 -60.0 2.5
23441 23444 23442 23452 -60.0 2.5
23444 23442 23452 23448  60.0 2.5
23442 23452 23448 23445 -60.0 2.5
23452 23448 23445 23441  60.0 2.5
23448 23445 23441 23444 -60.0 2.5
23445 23441 23444 23442  60.0 2.5
23584 23589 23587 23601  60.0 2.5
23589 23587 23601 23594 -60.0 2.5
23587 23601 23594 23590  60.0 2.5
23601 23594 23590 23584 -60.0 2.5
23594 23590 23584 23589  60.0 2.5
23590 23584 23589 23587 -60.0 2.5
23719 23724 23722 23733  60.0 2.5
23724 23722 23733 23729 -60.0 2.5
23722 23733 23729 23725  60.0 2.5
23733 23729 23725 23719 -60.0 2.5
23729 23725 23719 23724  60.0 2.5
23725 23719 23724 23722 -60.0 2.5
23851 23856 23854 23868  60.0 2.5
23856 23854 23868 23861 -60.0 2.5
23854 23868 23861 23857  60.0 2.5
23868 23861 23857 23851 -60.0 2.5
23861 23857 23851 23856  60.0 2.5
23857 23851 23856 23854 -60.0 2.5
23986 23991 23989 24000  60.0 2.5
23991 23989 24000 23996 -60.0 2.5
23989 24000 23996 23992  60.0 2.5
24000 23996 23992 23986 -60.0 2.5
23996 23992 23986 23991  60.0 2.5
23992 23986 23991 23989 -60.0 2.5
24118 24123 24121 24132  60.0 2.5
24123 24121 24132 24128 -60.0 2.5
24121 24132 24128 24124  60.0 2.5
24132 24128 24124 24118 -60.0 2.5
24128 24124 24118 24123  60.0 2.5
24124 24118 24123 24121 -60.0 2.5
24250 24255 24253 24264  60.0 2.5
24255 24253 24264 24260 -60.0 2.5
24253 24264 24260 24256  60.0 2.5
24264 24260 24256 24250 -60.0 2.5
24260 24256 24250 24255  60.0 2.5
24256 24250 24255 24253 -60.0 2.5
24272 24276 24274 24284  60.0 2.5
24276 24274 24284 24281 -60.0 2.5
24274 24284 24281 24277  60.0 2.5
24284 24281 24277 24272 -60.0 2.5
24281 24277 24272 24276  60.0 2.5
24277 24272 24276 24274 -60.0 2.5
24292 24296 24294 24310  60.0 2.5
24296 24294 24310 24307 -60.0 2.5
24294 24310 24307 24297  60.0 2.5
24310 24307 24297 24292 -60.0 2.5
24307 24297 24292 24296  60.0 2.5
24297 24292 24296 24294 -60.0 2.5
24319 24323 24321 24331  60.0 2.5
24323 24321 24331 24328 -60.0 2.5
24321 24331 24328 24324  60.0 2.5
24331 24328 24324 24319 -60.0 2.5
24328 24324 24319 24323  60.0 2.5
24324 24319 24323 24321 -60.0 2.5
24343 24346 24344 24354 -60.0 2.5
24346 24344 24354 24350  60.0 2.5
24344 24354 24350 24347 -60.0 2.5
24354 24350 24347 24343  60.0 2.5
24350 24347 24343 24346 -60.0 2.5
24347 24343 24346 24344  60.0 2.5
24380 24383 24381 24391 -60.0 2.5
24383 24381 24391 24387  60.0 2.5
24381 24391 24387 24384  60.0 2.5
24391 24387 24384 24380 -60.0 2.5
24387 24384 24380 24383  60.0 2.5
24384 24380 24383 24381  60.0 2.5
24523 24528 24526 24537  60.0 2.5
24528 24526 24537 24533 -60.0 2.5
24526 24537 24533 24529  60.0 2.5
24537 24533 24529 24523 -60.0 2.5
24533 24529 24523 24528  60.0 2.5
24529 24523 24528 24526 -60.0 2.5
24655 24660 24658 24672  60.0 2.5
24660 24658 24672 24665 -60.0 2.5
24658 24672 24665 24661  60.0 2.5
24672 24665 24661 24655 -60.0 2.5
24665 24661 24655 24660  60.0 2.5
24661 24655 24660 24658 -60.0 2.5
24790 24795 24793 24804  60.0 2.5
24795 24793 24804 24800 -60.0 2.5
24793 24804 24800 24796  60.0 2.5
24804 24800 24796 24790 -60.0 2.5
24800 24796 24790 24795  60.0 2.5
24796 24790 24795 24793 -60.0 2.5
24812 24816 24814 24824  60.0 2.5
24816 24814 24824 24821 -60.0 2.5
24814 24824 24821 24817  60.0 2.5
24824 24821 24817 24812 -60.0 2.5
24821 24817 24812 24816  60.0 2.5
24817 24812 24816 24814 -60.0 2.5
24832 24836 24834 24850  60.0 2.5
24836 24834 24850 24847 -60.0 2.5
24834 24850 24847 24837  60.0 2.5
24850 24847 24837 24832 -60.0 2.5
24847 24837 24832 24836  60.0 2.5
24837 24832 24836 24834 -60.0 2.5
24859 24863 24861 24871  60.0 2.5
24863 24861 24871 24868 -60.0 2.5
24861 24871 24868 24864  60.0 2.5
24871 24868 24864 24859 -60.0 2.5
24868 24864 24859 24863  60.0 2.5
24864 24859 24863 24861 -60.0 2.5
24883 24886 24884 24894 -60.0 2.5
24886 24884 24894 24890  60.0 2.5
24884 24894 24890 24887 -60.0 2.5
24894 24890 24887 24883  60.0 2.5
24890 24887 24883 24886 -60.0 2.5
24887 24883 24886 24884  60.0 2.5
24920 24923 24921 24931 -60.0 2.5
24923 24921 24931 24927  60.0 2.5
24921 24931 24927 24924 -60.0 2.5
24931 24927 24924 24920  60.0 2.5
24927 24924 24920 24923 -60.0 2.5
24924 24920 24923 24921  60.0 2.5
25063 25068 25066 25080  60.0 2.5
25068 25066 25080 25073 -60.0 2.5
25066 25080 25073 25069  60.0 2.5
25080 25073 25069 25063 -60.0 2.5
25073 25069 25063 25068  60.0 2.5
25069 25063 25068 25066 -60.0 2.5
25198 25203 25201 25215  60.0 2.5
25203 25201 25215 25208 -60.0 2.5
25201 25215 25208 25204  60.0 2.5
25215 25208 25204 25198 -60.0 2.5
25208 25204 25198 25203  60.0 2.5
25204 25198 25203 25201 -60.0 2.5
25333 25338 25336 25347  60.0 2.5
25338 25336 25347 25343 -60.0 2.5
25336 25347 25343 25339  60.0 2.5
25347 25343 25339 25333 -60.0 2.5
25343 25339 25333 25338  60.0 2.5
25339 25333 25338 25336 -60.0 2.5
25465 25470 25468 25479  60.0 2.5
25470 25468 25479 25475 -60.0 2.5
25468 25479 25475 25471  60.0 2.5
25479 25475 25471 25465 -60.0 2.5
25475 25471 25465 25470  60.0 2.5
25471 25465 25470 25468 -60.0 2.5
25597 25602 25600 25614  60.0 2.5
25602 25600 25614 25607 -60.0 2.5
25600 25614 25607 25603  60.0 2.5
25614 25607 25603 25597 -60.0 2.5
25607 25603 25597 25602  60.0 2.5
25603 25597 25602 25600 -60.0 2.5
25732 25737 25735 25746  60.0 2.5
25737 25735 25746 25742 -60.0 2.5
25735 25746 25742 25738  60.0 2.5
25746 25742 25738 25732 -60.0 2.5
25742 25738 25732 25737  60.0 2.5
25738 25732 25737 25735 -60.0 2.5
25864 25869 25867 25878  60.0 2.5
25869 25867 25878 25874 -60.0 2.5
25867 25878 25874 25870  60.0 2.5
25878 25874 25870 25864 -60.0 2.5
25874 25870 25864 25869  60.0 2.5
25870 25864 25869 25867 -60.0 2.5
25996 26001 25999 26010  60.0 2.5
26001 25999 26010 26006 -60.0 2.5
25999 26010 26006 26002  60.0 2.5
26010 26006 26002 25996 -60.0 2.5
26006 26002 25996 26001  60.0 2.5
26002 25996 26001 25999 -60.0 2.5
26128 26133 26131 26142  60.0 2.5
26133 26131 26142 26138 -60.0 2.5
26131 26142 26138 26134  60.0 2.5
26142 26138 26134 26128 -60.0 2.5
26138 26134 26128 26133  60.0 2.5
26134 26128 26133 26131 -60.0 2.5
26260 26265 26263 26274  60.0 2.5
26265 26263 26274 26270 -60.0 2.5
26263 26274 26270 26266  60.0 2.5
26274 26270 26266 26260 -60.0 2.5
26270 26266 26260 26265  60.0 2.5
26266 26260 26265 26263 -60.0 2.5
26392 26397 26395 26406  60.0 2.5
26397 26395 26406 26402 -60.0 2.5
26395 26406 26402 26398  60.0 2.5
26406 26402 26398 26392 -60.0 2.5
26402 26398 26392 26397  60.0 2.5
26398 26392 26397 26395 -60.0 2.5
