10735 10728 10733 10731  120.0 2.5
10739 10737 10735 10733 -120.0 2.5
10735 10739 10741 10743  180.0 0.0
10867 10860 10865 10863  120.0 2.5
10871 10869 10867 10865 -120.0 2.5
10867 10871 10873 10875  180.0 0.0
11002 10995 11000 10998  120.0 2.5
11006 11004 11002 11000 -120.0 2.5
11002 11006 11008 11010  180.0 0.0
11134 11127 11132 11130  120.0 2.5
11138 11136 11134 11132 -120.0 2.5
11134 11138 11140 11142  180.0 0.0
11269 11262 11267 11265  120.0 2.5
11273 11271 11269 11267 -120.0 2.5
11269 11273 11275 11277  180.0 0.0
11466 11488 11486 11490  120.0 2.5
11486 11492 11490 11494  120.0 2.5
11506 11499 11504 11502  120.0 2.5
11510 11508 11506 11504 -120.0 2.5
11506 11510 11512 11514  180.0 0.0
11641 11634 11639 11637  120.0 2.5
11645 11643 11641 11639 -120.0 2.5
11641 11645 11647 11649  180.0 0.0
11776 11769 11774 11772  120.0 2.5
11780 11778 11776 11774 -120.0 2.5
11776 11780 11782 11784  180.0 0.0
11908 11901 11906 11904  120.0 2.5
11912 11910 11908 11906 -120.0 2.5
11908 11912 11914 11916  180.0 0.0
12040 12033 12038 12036  120.0 2.5
12044 12042 12040 12038 -120.0 2.5
12040 12044 12046 12048  180.0 0.0
12172 12165 12170 12168  120.0 2.5
12176 12174 12172 12170 -120.0 2.5
12172 12176 12178 12180  180.0 0.0
12304 12297 12302 12300  120.0 2.5
12308 12306 12304 12302 -120.0 2.5
12304 12308 12310 12312  180.0 0.0
12439 12432 12437 12435  120.0 2.5
12443 12441 12439 12437 -120.0 2.5
12439 12443 12445 12447  180.0 0.0
12636 12658 12656 12660  120.0 2.5
12656 12662 12660 12664  120.0 2.5
12676 12669 12674 12672  120.0 2.5
12680 12678 12676 12674 -120.0 2.5
12676 12680 12682 12684  180.0 0.0
12808 12801 12806 12804  120.0 2.5
12812 12810 12808 12806 -120.0 2.5
12808 12812 12814 12816  180.0 0.0
12943 12936 12941 12939  120.0 2.5
12947 12945 12943 12941 -120.0 2.5
12943 12947 12949 12951  180.0 0.0
13075 13068 13073 13071  120.0 2.5
13079 13077 13075 13073 -120.0 2.5
13075 13079 13081 13083  180.0 0.0
13207 13200 13205 13203  120.0 2.5
13211 13209 13207 13205 -120.0 2.5
13207 13211 13213 13215  180.0 0.0
13342 13335 13340 13338  120.0 2.5
13346 13344 13342 13340 -120.0 2.5
13342 13346 13348 13350  180.0 0.0
13474 13467 13472 13470  120.0 2.5
13478 13476 13474 13472 -120.0 2.5
13474 13478 13480 13482  180.0 0.0
13606 13599 13604 13602  120.0 2.5
13610 13608 13606 13604 -120.0 2.5
13606 13610 13612 13614  180.0 0.0
13738 13731 13736 13734  120.0 2.5
13742 13740 13738 13736 -120.0 2.5
13738 13742 13744 13746  180.0 0.0
13873 13866 13871 13869  120.0 2.5
13877 13875 13873 13871 -120.0 2.5
13873 13877 13879 13881  180.0 0.0
14005 13998 14003 14001  120.0 2.5
14009 14007 14005 14003 -120.0 2.5
14005 14009 14011 14013  180.0 0.0
14137 14130 14135 14133  120.0 2.5
14141 14139 14137 14135 -120.0 2.5
14137 14141 14143 14145  180.0 0.0
14269 14262 14267 14265  120.0 2.5
14273 14271 14269 14267 -120.0 2.5
14269 14273 14275 14277  180.0 0.0
14401 14394 14399 14397  120.0 2.5
14405 14403 14401 14399 -120.0 2.5
14401 14405 14407 14409  180.0 0.0
14533 14526 14531 14529  120.0 2.5
14537 14535 14533 14531 -120.0 2.5
14533 14537 14539 14541  180.0 0.0
14665 14658 14663 14661  120.0 2.5
14669 14667 14665 14663 -120.0 2.5
14665 14669 14671 14673  180.0 0.0
14797 14790 14795 14793  120.0 2.5
14801 14799 14797 14795 -120.0 2.5
14797 14801 14803 14805  180.0 0.0
14929 14922 14927 14925  120.0 2.5
14933 14931 14929 14927 -120.0 2.5
14929 14933 14935 14937  180.0 0.0
15061 15054 15059 15057  120.0 2.5
15065 15063 15061 15059 -120.0 2.5
15061 15065 15067 15069  180.0 0.0
15193 15186 15191 15189  120.0 2.5
15197 15195 15193 15191 -120.0 2.5
15193 15197 15199 15201  180.0 0.0
15325 15318 15323 15321  120.0 2.5
15329 15327 15325 15323 -120.0 2.5
15325 15329 15331 15333  180.0 0.0
15457 15450 15455 15453  120.0 2.5
15461 15459 15457 15455 -120.0 2.5
15457 15461 15463 15465  180.0 0.0
15589 15582 15587 15585  120.0 2.5
15593 15591 15589 15587 -120.0 2.5
15589 15593 15595 15597  180.0 0.0
15721 15714 15719 15717  120.0 2.5
15725 15723 15721 15719 -120.0 2.5
15721 15725 15727 15729  180.0 0.0
15853 15846 15851 15849  120.0 2.5
15857 15855 15853 15851 -120.0 2.5
15853 15857 15859 15861  180.0 0.0
15985 15978 15983 15981  120.0 2.5
15989 15987 15985 15983 -120.0 2.5
15985 15989 15991 15993  180.0 0.0
16117 16110 16115 16113  120.0 2.5
16121 16119 16117 16115 -120.0 2.5
16117 16121 16123 16125  180.0 0.0
16249 16242 16247 16245  120.0 2.5
16253 16251 16249 16247 -120.0 2.5
16249 16253 16255 16257  180.0 0.0
16381 16374 16379 16377  120.0 2.5
16385 16383 16381 16379 -120.0 2.5
16381 16385 16387 16389  180.0 0.0
16513 16506 16511 16509  120.0 2.5
16517 16515 16513 16511 -120.0 2.5
16513 16517 16519 16521  180.0 0.0
16645 16638 16643 16641  120.0 2.5
16649 16647 16645 16643 -120.0 2.5
16645 16649 16651 16653  180.0 0.0
16777 16770 16775 16773  120.0 2.5
16781 16779 16777 16775 -120.0 2.5
16777 16781 16783 16785  180.0 0.0
16909 16902 16907 16905  120.0 2.5
16913 16911 16909 16907 -120.0 2.5
16909 16913 16915 16917  180.0 0.0
17041 17034 17039 17037  120.0 2.5
17045 17043 17041 17039 -120.0 2.5
17041 17045 17047 17049  180.0 0.0
17173 17166 17171 17169  120.0 2.5
17177 17175 17173 17171 -120.0 2.5
17173 17177 17179 17181  180.0 0.0
17305 17298 17303 17301  120.0 2.5
17309 17307 17305 17303 -120.0 2.5
17305 17309 17311 17313  180.0 0.0
17437 17430 17435 17433  120.0 2.5
17441 17439 17437 17435 -120.0 2.5
17437 17441 17443 17445  180.0 0.0
17569 17562 17567 17565  120.0 2.5
17573 17571 17569 17567 -120.0 2.5
17569 17573 17575 17577  180.0 0.0
17701 17694 17699 17697  120.0 2.5
17705 17703 17701 17699 -120.0 2.5
17701 17705 17707 17709  180.0 0.0
17836 17829 17834 17832  120.0 2.5
17840 17838 17836 17834 -120.0 2.5
17836 17840 17842 17844  180.0 0.0
17968 17961 17966 17964  120.0 2.5
17972 17970 17968 17966 -120.0 2.5
17968 17972 17974 17976  180.0 0.0
18100 18093 18098 18096  120.0 2.5
18104 18102 18100 18098 -120.0 2.5
18100 18104 18106 18108  180.0 0.0
18232 18225 18230 18228  120.0 2.5
18236 18234 18232 18230 -120.0 2.5
18232 18236 18238 18240  180.0 0.0
18364 18357 18362 18360  120.0 2.5
18368 18366 18364 18362 -120.0 2.5
18364 18368 18370 18372  180.0 0.0
18496 18489 18494 18492  120.0 2.5
18500 18498 18496 18494 -120.0 2.5
18496 18500 18502 18504  180.0 0.0
18631 18624 18629 18627  120.0 2.5
18635 18633 18631 18629 -120.0 2.5
18631 18635 18637 18639  180.0 0.0
18763 18756 18761 18759  120.0 2.5
18767 18765 18763 18761 -120.0 2.5
18763 18767 18769 18771  180.0 0.0
18895 18888 18893 18891  120.0 2.5
18899 18897 18895 18893 -120.0 2.5
18895 18899 18901 18903  180.0 0.0
19027 19020 19025 19023  120.0 2.5
19031 19029 19027 19025 -120.0 2.5
19027 19031 19033 19035  180.0 0.0
19159 19152 19157 19155  120.0 2.5
19163 19161 19159 19157 -120.0 2.5
19159 19163 19165 19167  180.0 0.0
19291 19284 19289 19287  120.0 2.5
19295 19293 19291 19289 -120.0 2.5
19291 19295 19297 19299  180.0 0.0
19423 19416 19421 19419  120.0 2.5
19427 19425 19423 19421 -120.0 2.5
19423 19427 19429 19431  180.0 0.0
19555 19548 19553 19551  120.0 2.5
19559 19557 19555 19553 -120.0 2.5
19555 19559 19561 19563  180.0 0.0
19687 19680 19685 19683  120.0 2.5
19691 19689 19687 19685 -120.0 2.5
19687 19691 19693 19695  180.0 0.0
19819 19812 19817 19815  120.0 2.5
19823 19821 19819 19817 -120.0 2.5
19819 19823 19825 19827  180.0 0.0
19951 19944 19949 19947  120.0 2.5
19955 19953 19951 19949 -120.0 2.5
19951 19955 19957 19959  180.0 0.0
20083 20076 20081 20079  120.0 2.5
20087 20085 20083 20081 -120.0 2.5
20083 20087 20089 20091  180.0 0.0
20215 20208 20213 20211  120.0 2.5
20219 20217 20215 20213 -120.0 2.5
20215 20219 20221 20223  180.0 0.0
20347 20340 20345 20343  120.0 2.5
20351 20349 20347 20345 -120.0 2.5
20347 20351 20353 20355  180.0 0.0
20479 20472 20477 20475  120.0 2.5
20483 20481 20479 20477 -120.0 2.5
20479 20483 20485 20487  180.0 0.0
20611 20604 20609 20607  120.0 2.5
20615 20613 20611 20609 -120.0 2.5
20611 20615 20617 20619  180.0 0.0
20743 20736 20741 20739  120.0 2.5
20747 20745 20743 20741 -120.0 2.5
20743 20747 20749 20751  180.0 0.0
20875 20868 20873 20871  120.0 2.5
20879 20877 20875 20873 -120.0 2.5
20875 20879 20881 20883  180.0 0.0
21007 21000 21005 21003  120.0 2.5
21011 21009 21007 21005 -120.0 2.5
21007 21011 21013 21015  180.0 0.0
21204 21226 21224 21228  120.0 2.5
21224 21230 21228 21232  120.0 2.5
21244 21237 21242 21240  120.0 2.5
21248 21246 21244 21242 -120.0 2.5
21244 21248 21250 21252  180.0 0.0
21376 21369 21374 21372  120.0 2.5
21380 21378 21376 21374 -120.0 2.5
21376 21380 21382 21384  180.0 0.0
21572 21594 21592 21596  120.0 2.5
21592 21598 21596 21600  120.0 2.5
21609 21631 21629 21633  120.0 2.5
21629 21635 21633 21637  120.0 2.5
21649 21642 21647 21645  120.0 2.5
21653 21651 21649 21647 -120.0 2.5
21649 21653 21655 21657  180.0 0.0
21781 21774 21779 21777  120.0 2.5
21785 21783 21781 21779 -120.0 2.5
21781 21785 21787 21789  180.0 0.0
21977 21999 21997 22001  120.0 2.5
21997 22003 22001 22005  120.0 2.5
22014 22036 22034 22038  120.0 2.5
22034 22040 22038 22042  120.0 2.5
22054 22047 22052 22050  120.0 2.5
22058 22056 22054 22052 -120.0 2.5
22054 22058 22060 22062  180.0 0.0
22186 22179 22184 22182  120.0 2.5
22190 22188 22186 22184 -120.0 2.5
22186 22190 22192 22194  180.0 0.0
22321 22314 22319 22317  120.0 2.5
22325 22323 22321 22319 -120.0 2.5
22321 22325 22327 22329  180.0 0.0
22453 22446 22451 22449  120.0 2.5
22457 22455 22453 22451 -120.0 2.5
22453 22457 22459 22461  180.0 0.0
22585 22578 22583 22581  120.0 2.5
22589 22587 22585 22583 -120.0 2.5
22585 22589 22591 22593  180.0 0.0
22717 22710 22715 22713  120.0 2.5
22721 22719 22717 22715 -120.0 2.5
22717 22721 22723 22725  180.0 0.0
22849 22842 22847 22845  120.0 2.5
22853 22851 22849 22847 -120.0 2.5
22849 22853 22855 22857  180.0 0.0
22981 22974 22979 22977  120.0 2.5
22985 22983 22981 22979 -120.0 2.5
22981 22985 22987 22989  180.0 0.0
23113 23106 23111 23109  120.0 2.5
23117 23115 23113 23111 -120.0 2.5
23113 23117 23119 23121  180.0 0.0
23245 23238 23243 23241  120.0 2.5
23249 23247 23245 23243 -120.0 2.5
23245 23249 23251 23253  180.0 0.0
23442 23464 23462 23466  120.0 2.5
23462 23468 23466 23470  120.0 2.5
23482 23475 23480 23478  120.0 2.5
23486 23484 23482 23480 -120.0 2.5
23482 23486 23488 23490  180.0 0.0
23617 23610 23615 23613  120.0 2.5
23621 23619 23617 23615 -120.0 2.5
23617 23621 23623 23625  180.0 0.0
23749 23742 23747 23745  120.0 2.5
23753 23751 23749 23747 -120.0 2.5
23749 23753 23755 23757  180.0 0.0
23884 23877 23882 23880  120.0 2.5
23888 23886 23884 23882 -120.0 2.5
23884 23888 23890 23892  180.0 0.0
24016 24009 24014 24012  120.0 2.5
24020 24018 24016 24014 -120.0 2.5
24016 24020 24022 24024  180.0 0.0
24148 24141 24146 24144  120.0 2.5
24152 24150 24148 24146 -120.0 2.5
24148 24152 24154 24156  180.0 0.0
24344 24366 24364 24368  120.0 2.5
24364 24370 24368 24372  120.0 2.5
24381 24403 24401 24405  120.0 2.5
24401 24407 24405 24409  120.0 2.5
24421 24414 24419 24417  120.0 2.5
24425 24423 24421 24419 -120.0 2.5
24421 24425 24427 24429  180.0 0.0
24553 24546 24551 24549  120.0 2.5
24557 24555 24553 24551 -120.0 2.5
24553 24557 24559 24561  180.0 0.0
24688 24681 24686 24684  120.0 2.5
24692 24690 24688 24686 -120.0 2.5
24688 24692 24694 24696  180.0 0.0
24884 24906 24904 24908  120.0 2.5
24904 24910 24908 24912  120.0 2.5
24921 24943 24941 24945  120.0 2.5
24941 24947 24945 24949  120.0 2.5
24961 24954 24959 24957  120.0 2.5
24965 24963 24961 24959 -120.0 2.5
24961 24965 24967 24969  180.0 0.0
25096 25089 25094 25092  120.0 2.5
25100 25098 25096 25094 -120.0 2.5
25096 25100 25102 25104  180.0 0.0
25231 25224 25229 25227  120.0 2.5
25235 25233 25231 25229 -120.0 2.5
25231 25235 25237 25239  180.0 0.0
25363 25356 25361 25359  120.0 2.5
25367 25365 25363 25361 -120.0 2.5
25363 25367 25369 25371  180.0 0.0
25495 25488 25493 25491  120.0 2.5
25499 25497 25495 25493 -120.0 2.5
25495 25499 25501 25503  180.0 0.0
25630 25623 25628 25626  120.0 2.5
25634 25632 25630 25628 -120.0 2.5
25630 25634 25636 25638  180.0 0.0
25762 25755 25760 25758  120.0 2.5
25766 25764 25762 25760 -120.0 2.5
25762 25766 25768 25770  180.0 0.0
25894 25887 25892 25890  120.0 2.5
25898 25896 25894 25892 -120.0 2.5
25894 25898 25900 25902  180.0 0.0
26026 26019 26024 26022  120.0 2.5
26030 26028 26026 26024 -120.0 2.5
26026 26030 26032 26034  180.0 0.0
26158 26151 26156 26154  120.0 2.5
26162 26160 26158 26156 -120.0 2.5
26158 26162 26164 26166  180.0 0.0
26290 26283 26288 26286  120.0 2.5
26294 26292 26290 26288 -120.0 2.5
26290 26294 26296 26298  180.0 0.0
26504 26515 26507 26509 -120.0 2.5
26539 26542 26544 26546  0.0 0.0
26644 26655 26647 26649 -120.0 2.5
26679 26682 26684 26686  0.0 0.0
26828 26834 26832 26837  120.0 2.5
26845 26856 26848 26850 -120.0 2.5
26880 26883 26885 26887  0.0 0.0
26979 26990 26982 26984 -120.0 2.5
27014 27017 27019 27021  0.0 0.0
27104 27115 27107 27109 -120.0 2.5
27139 27142 27144 27146  0.0 0.0
27235 27246 27238 27240 -120.0 2.5
27270 27273 27275 27277  0.0 0.0
27530 27523 27528 27526  120.0 2.5
27534 27532 27530 27528 -120.0 2.5
27530 27534 27536 27538  180.0 0.0
27647 27658 27650 27652 -120.0 2.5
27682 27685 27687 27689  0.0 0.0
27787 27798 27790 27792 -120.0 2.5
27822 27825 27827 27829  0.0 0.0
27912 27923 27915 27917 -120.0 2.5
27947 27950 27952 27954  0.0 0.0
28274 28285 28277 28279 -120.0 2.5
28309 28312 28314 28316  0.0 0.0
28704 28715 28707 28709 -120.0 2.5
28739 28742 28744 28746  0.0 0.0
29199 29210 29202 29204 -120.0 2.5
29234 29237 29239 29241  0.0 0.0
29537 29543 29541 29546  120.0 2.5
29554 29565 29557 29559 -120.0 2.5
29589 29592 29594 29596  0.0 0.0
29738 29758 29754 29750  60.0 2.5
29758 29754 29750 29746 -60.0 2.5
29754 29750 29746 29742  60.0 2.5
29750 29746 29742 29738 -60.0 2.5
29746 29742 29738 29758  60.0 2.5
29742 29738 29758 29754 -60.0 2.5
29765 29776 29768 29770 -120.0 2.5
29800 29803 29805 29807  0.0 0.0
29890 29901 29893 29895 -120.0 2.5
29925 29928 29930 29932  0.0 0.0
30030 30041 30033 30035 -120.0 2.5
30065 30068 30070 30072  0.0 0.0
30155 30166 30158 30160 -120.0 2.5
30190 30193 30195 30197  0.0 0.0
30295 30306 30298 30300 -120.0 2.5
30330 30333 30335 30337  0.0 0.0
30429 30440 30432 30434 -120.0 2.5
30464 30467 30469 30471  0.0 0.0
30850 30861 30853 30855 -120.0 2.5
30885 30888 30890 30892  0.0 0.0
30981 30992 30984 30986 -120.0 2.5
31016 31019 31021 31023  0.0 0.0
31195 31206 31198 31200 -120.0 2.5
31230 31233 31235 31237  0.0 0.0
31336 31329 31334 31332  120.0 2.5
31340 31338 31336 31334 -120.0 2.5
31336 31340 31342 31344  180.0 0.0
31675 31686 31678 31680 -120.0 2.5
31710 31713 31715 31717  0.0 0.0
31963 31974 31966 31968 -120.0 2.5
31998 32001 32003 32005  0.0 0.0
32162 32173 32165 32167 -120.0 2.5
32197 32200 32202 32204  0.0 0.0
32293 32304 32296 32298 -120.0 2.5
32328 32331 32333 32335  0.0 0.0
32507 32518 32510 32512 -120.0 2.5
32542 32545 32547 32549  0.0 0.0
32715 32726 32718 32720 -120.0 2.5
32750 32753 32755 32757  0.0 0.0
32840 32851 32843 32845 -120.0 2.5
32875 32878 32880 32882  0.0 0.0
32987 32980 32985 32983  120.0 2.5
32991 32989 32987 32985 -120.0 2.5
32987 32991 32993 32995  180.0 0.0
33113 33124 33116 33118 -120.0 2.5
33148 33151 33153 33155  0.0 0.0
33247 33258 33250 33252 -120.0 2.5
33282 33285 33287 33289  0.0 0.0
33446 33457 33449 33451 -120.0 2.5
33481 33484 33486 33488  0.0 0.0
33808 33819 33811 33813 -120.0 2.5
33843 33846 33848 33850  0.0 0.0
33918 33924 33922 33927  120.0 2.5
33935 33946 33938 33940 -120.0 2.5
33970 33973 33975 33977  0.0 0.0
34069 34080 34072 34074 -120.0 2.5
34104 34107 34109 34111  0.0 0.0
34268 34279 34271 34273 -120.0 2.5
34303 34306 34308 34310  0.0 0.0
34399 34410 34402 34404 -120.0 2.5
34434 34437 34439 34441  0.0 0.0
34539 34550 34542 34544 -120.0 2.5
34574 34577 34579 34581  0.0 0.0
34747 34758 34750 34752 -120.0 2.5
34782 34785 34787 34789  0.0 0.0
34946 34957 34949 34951 -120.0 2.5
34981 34984 34986 34988  0.0 0.0
35234 35245 35237 35239 -120.0 2.5
35269 35272 35274 35276  0.0 0.0
35344 35364 35360 35356  60.0 2.5
35364 35360 35356 35352 -60.0 2.5
35360 35356 35352 35348  60.0 2.5
35356 35352 35348 35344 -60.0 2.5
35352 35348 35344 35364  60.0 2.5
35348 35344 35364 35360 -60.0 2.5
35371 35382 35374 35376 -120.0 2.5
35406 35409 35411 35413  0.0 0.0
35555 35575 35571 35567  60.0 2.5
35575 35571 35567 35563 -60.0 2.5
35571 35567 35563 35559  60.0 2.5
35567 35563 35559 35555 -60.0 2.5
35563 35559 35555 35575  60.0 2.5
35559 35555 35575 35571 -60.0 2.5
35582 35593 35585 35587 -120.0 2.5
35617 35620 35622 35624  0.0 0.0
35716 35727 35719 35721 -120.0 2.5
35751 35754 35756 35758  0.0 0.0
35826 35832 35830 35835  120.0 2.5
35843 35854 35846 35848 -120.0 2.5
35878 35881 35883 35885  0.0 0.0
35977 35988 35980 35982 -120.0 2.5
36012 36015 36017 36019  0.0 0.0
36102 36113 36105 36107 -120.0 2.5
36137 36140 36142 36144  0.0 0.0
36381 36392 36384 36386 -120.0 2.5
36416 36419 36421 36423  0.0 0.0
36660 36671 36663 36665 -120.0 2.5
36695 36698 36700 36702  0.0 0.0
36791 36802 36794 36796 -120.0 2.5
36826 36829 36831 36833  0.0 0.0
36931 36942 36934 36936 -120.0 2.5
36966 36969 36971 36973  0.0 0.0
37146 37139 37144 37142  120.0 2.5
37150 37148 37146 37144 -120.0 2.5
37146 37150 37152 37154  180.0 0.0
38086 38097 38089 38091 -120.0 2.5
38121 38124 38126 38128  0.0 0.0
38220 38231 38223 38225 -120.0 2.5
38255 38258 38260 38262  0.0 0.0
38419 38430 38422 38424 -120.0 2.5
38454 38457 38459 38461  0.0 0.0
38559 38570 38562 38564 -120.0 2.5
38594 38597 38599 38601  0.0 0.0
38841 38852 38844 38846 -120.0 2.5
38876 38879 38881 38883  0.0 0.0
38966 38977 38969 38971 -120.0 2.5
39001 39004 39006 39008  0.0 0.0
39082 39102 39098 39094  60.0 2.5
39102 39098 39094 39090 -60.0 2.5
39098 39094 39090 39086  60.0 2.5
39094 39090 39086 39082 -60.0 2.5
39090 39086 39082 39102  60.0 2.5
39086 39082 39102 39098 -60.0 2.5
39109 39120 39112 39114 -120.0 2.5
39144 39147 39149 39151  0.0 0.0
39367 39387 39383 39379  60.0 2.5
39387 39383 39379 39375 -60.0 2.5
39383 39379 39375 39371  60.0 2.5
39379 39375 39371 39367 -60.0 2.5
39375 39371 39367 39387  60.0 2.5
39371 39367 39387 39383 -60.0 2.5
39394 39405 39397 39399 -120.0 2.5
39429 39432 39434 39436  0.0 0.0
39519 39530 39522 39524 -120.0 2.5
39554 39557 39559 39561  0.0 0.0
39798 39809 39801 39803 -120.0 2.5
39833 39836 39838 39840  0.0 0.0
40086 40097 40089 40091 -120.0 2.5
40121 40124 40126 40128  0.0 0.0
40375 40368 40373 40371  120.0 2.5
40379 40377 40375 40373 -120.0 2.5
40375 40379 40381 40383  180.0 0.0
40501 40512 40504 40506 -120.0 2.5
40536 40539 40541 40543  0.0 0.0
40709 40720 40712 40714 -120.0 2.5
40744 40747 40749 40751  0.0 0.0
40843 40854 40846 40848 -120.0 2.5
40878 40881 40883 40885  0.0 0.0
41264 41275 41267 41269 -120.0 2.5
41299 41302 41304 41306  0.0 0.0
41404 41415 41407 41409 -120.0 2.5
41439 41442 41444 41446  0.0 0.0
41588 41608 41604 41600  60.0 2.5
41608 41604 41600 41596 -60.0 2.5
41604 41600 41596 41592  60.0 2.5
41600 41596 41592 41588 -60.0 2.5
41596 41592 41588 41608  60.0 2.5
41592 41588 41608 41604 -60.0 2.5
41615 41626 41618 41620 -120.0 2.5
41650 41653 41655 41657  0.0 0.0
41749 41760 41752 41754 -120.0 2.5
41784 41787 41789 41791  0.0 0.0
41948 41959 41951 41953 -120.0 2.5
41983 41986 41988 41990  0.0 0.0
42079 42090 42082 42084 -120.0 2.5
42114 42117 42119 42121  0.0 0.0
42293 42304 42296 42298 -120.0 2.5
42328 42331 42333 42335  0.0 0.0
42640 42651 42643 42645 -120.0 2.5
42675 42678 42680 42682  0.0 0.0
42771 42782 42774 42776 -120.0 2.5
42806 42809 42811 42813  0.0 0.0
42961 42981 42977 42973  60.0 2.5
42981 42977 42973 42969 -60.0 2.5
42977 42973 42969 42965  60.0 2.5
42973 42969 42965 42961 -60.0 2.5
42969 42965 42961 42981  60.0 2.5
42965 42961 42981 42977 -60.0 2.5
42988 42999 42991 42993 -120.0 2.5
43023 43026 43028 43030  0.0 0.0
43122 43133 43125 43127 -120.0 2.5
43157 43160 43162 43164  0.0 0.0
43602 43608 43606 43611  120.0 2.5
43619 43630 43622 43624 -120.0 2.5
43654 43657 43659 43661  0.0 0.0
43744 43755 43747 43749 -120.0 2.5
43779 43782 43784 43786  0.0 0.0
43884 43895 43887 43889 -120.0 2.5
43919 43922 43924 43926  0.0 0.0
44068 44088 44084 44080  60.0 2.5
44088 44084 44080 44076 -60.0 2.5
44084 44080 44076 44072  60.0 2.5
44080 44076 44072 44068 -60.0 2.5
44076 44072 44068 44088  60.0 2.5
44072 44068 44088 44084 -60.0 2.5
44095 44106 44098 44100 -120.0 2.5
44130 44133 44135 44137  0.0 0.0
44220 44231 44223 44225 -120.0 2.5
44255 44258 44260 44262  0.0 0.0
44360 44371 44363 44365 -120.0 2.5
44395 44398 44400 44402  0.0 0.0
44781 44792 44784 44786 -120.0 2.5
44816 44819 44821 44823  0.0 0.0
44912 44923 44915 44917 -120.0 2.5
44947 44950 44952 44954  0.0 0.0
45028 45034 45032 45037  120.0 2.5
45045 45056 45048 45050 -120.0 2.5
45080 45083 45085 45087  0.0 0.0
45170 45181 45173 45175 -120.0 2.5
45205 45208 45210 45212  0.0 0.0
45310 45321 45313 45315 -120.0 2.5
45345 45348 45350 45352  0.0 0.0
45435 45446 45438 45440 -120.0 2.5
45470 45473 45475 45477  0.0 0.0
45649 45660 45652 45654 -120.0 2.5
45684 45687 45689 45691  0.0 0.0
45774 45785 45777 45779 -120.0 2.5
45809 45812 45814 45816  0.0 0.0
45905 45916 45908 45910 -120.0 2.5
45940 45943 45945 45947  0.0 0.0
46258 46269 46261 46263 -120.0 2.5
46293 46296 46298 46300  0.0 0.0
46389 46400 46392 46394 -120.0 2.5
46424 46427 46429 46431  0.0 0.0
46529 46540 46532 46534 -120.0 2.5
46564 46567 46569 46571  0.0 0.0
46639 46659 46655 46651  60.0 2.5
46659 46655 46651 46647 -60.0 2.5
46655 46651 46647 46643  60.0 2.5
46651 46647 46643 46639 -60.0 2.5
46647 46643 46639 46659  60.0 2.5
46643 46639 46659 46655 -60.0 2.5
46666 46677 46669 46671 -120.0 2.5
46701 46704 46706 46708  0.0 0.0
46776 46796 46792 46788  60.0 2.5
46796 46792 46788 46784 -60.0 2.5
46792 46788 46784 46780  60.0 2.5
46788 46784 46780 46776 -60.0 2.5
46784 46780 46776 46796  60.0 2.5
46780 46776 46796 46792 -60.0 2.5
46803 46814 46806 46808 -120.0 2.5
46838 46841 46843 46845  0.0 0.0
47314 47307 47312 47310  120.0 2.5
47318 47316 47314 47312 -120.0 2.5
47314 47318 47320 47322  180.0 0.0
47431 47442 47434 47436 -120.0 2.5
47466 47469 47471 47473  0.0 0.0
47571 47582 47574 47576 -120.0 2.5
47606 47609 47611 47613  0.0 0.0
47696 47707 47699 47701 -120.0 2.5
47731 47734 47736 47738  0.0 0.0
47827 47838 47830 47832 -120.0 2.5
47862 47865 47867 47869  0.0 0.0
47974 47967 47972 47970  120.0 2.5
47978 47976 47974 47972 -120.0 2.5
47974 47978 47980 47982  180.0 0.0
48224 48230 48228 48233  120.0 2.5
48241 48252 48244 48246 -120.0 2.5
48276 48279 48281 48283  0.0 0.0
48588 48599 48591 48593 -120.0 2.5
48623 48626 48628 48630  0.0 0.0
48867 48878 48870 48872 -120.0 2.5
48902 48905 48907 48909  0.0 0.0
49014 49007 49012 49010  120.0 2.5
49018 49016 49014 49012 -120.0 2.5
49014 49018 49020 49022  180.0 0.0
49140 49151 49143 49145 -120.0 2.5
49175 49178 49180 49182  0.0 0.0
49561 49572 49564 49566 -120.0 2.5
49596 49599 49601 49603  0.0 0.0
49677 49697 49693 49689  60.0 2.5
49697 49693 49689 49685 -60.0 2.5
49693 49689 49685 49681  60.0 2.5
49689 49685 49681 49677 -60.0 2.5
49685 49681 49677 49697  60.0 2.5
49681 49677 49697 49693 -60.0 2.5
49704 49715 49707 49709 -120.0 2.5
49739 49742 49744 49746  0.0 0.0
49977 49988 49980 49982 -120.0 2.5
50012 50015 50017 50019  0.0 0.0
50108 50119 50111 50113 -120.0 2.5
50143 50146 50148 50150  0.0 0.0
50387 50398 50390 50392 -120.0 2.5
50422 50425 50427 50429  0.0 0.0
50518 50529 50521 50523 -120.0 2.5
50553 50556 50558 50560  0.0 0.0
50880 50891 50883 50885 -120.0 2.5
50915 50918 50920 50922  0.0 0.0
51162 51173 51165 51167 -120.0 2.5
51197 51200 51202 51204  0.0 0.0
51370 51381 51373 51375 -120.0 2.5
51405 51408 51410 51412  0.0 0.0
51578 51589 51581 51583 -120.0 2.5
51613 51616 51618 51620  0.0 0.0
51703 51714 51706 51708 -120.0 2.5
51738 51741 51743 51745  0.0 0.0
51908 51919 51911 51913 -120.0 2.5
51943 51946 51948 51950  0.0 0.0
52418 52429 52421 52423 -120.0 2.5
52453 52456 52458 52460  0.0 0.0
52543 52554 52546 52548 -120.0 2.5
52578 52581 52583 52585  0.0 0.0
52831 52842 52834 52836 -120.0 2.5
52866 52869 52871 52873  0.0 0.0
52965 52976 52968 52970 -120.0 2.5
53000 53003 53005 53007  0.0 0.0
53173 53184 53176 53178 -120.0 2.5
53208 53211 53213 53215  0.0 0.0
53307 53318 53310 53312 -120.0 2.5
53342 53345 53347 53349  0.0 0.0
53663 53674 53666 53668 -120.0 2.5
53698 53701 53703 53705  0.0 0.0
53773 53793 53789 53785  60.0 2.5
53793 53789 53785 53781 -60.0 2.5
53789 53785 53781 53777  60.0 2.5
53785 53781 53777 53773 -60.0 2.5
53781 53777 53773 53793  60.0 2.5
53777 53773 53793 53789 -60.0 2.5
53800 53811 53803 53805 -120.0 2.5
53835 53838 53840 53842  0.0 0.0
53934 53945 53937 53939 -120.0 2.5
53969 53972 53974 53976  0.0 0.0
54266 54286 54282 54278  60.0 2.5
54286 54282 54278 54274 -60.0 2.5
54282 54278 54274 54270  60.0 2.5
54278 54274 54270 54266 -60.0 2.5
54274 54270 54266 54286  60.0 2.5
54270 54266 54286 54282 -60.0 2.5
54293 54304 54296 54298 -120.0 2.5
54328 54331 54333 54335  0.0 0.0
54418 54429 54421 54423 -120.0 2.5
54453 54456 54458 54460  0.0 0.0
54632 54643 54635 54637 -120.0 2.5
54667 54670 54672 54674  0.0 0.0
54766 54777 54769 54771 -120.0 2.5
54801 54804 54806 54808  0.0 0.0
54891 54902 54894 54896 -120.0 2.5
54926 54929 54931 54933  0.0 0.0
55031 55042 55034 55036 -120.0 2.5
55066 55069 55071 55073  0.0 0.0
55313 55324 55316 55318 -120.0 2.5
55348 55351 55353 55355  0.0 0.0
55438 55449 55441 55443 -120.0 2.5
55473 55476 55478 55480  0.0 0.0
55643 55654 55646 55648 -120.0 2.5
55678 55681 55683 55685  0.0 0.0
55783 55794 55786 55788 -120.0 2.5
55818 55821 55823 55825  0.0 0.0
55917 55928 55920 55922 -120.0 2.5
55952 55955 55957 55959  0.0 0.0
56042 56053 56045 56047 -120.0 2.5
56077 56080 56082 56084  0.0 0.0
56189 56182 56187 56185  120.0 2.5
56193 56191 56189 56187 -120.0 2.5
56189 56193 56195 56197  180.0 0.0
56537 56548 56540 56542 -120.0 2.5
56572 56575 56577 56579  0.0 0.0
56662 56673 56665 56667 -120.0 2.5
56697 56700 56702 56704  0.0 0.0
56802 56813 56805 56807 -120.0 2.5
56837 56840 56842 56844  0.0 0.0
56936 56947 56939 56941 -120.0 2.5
56971 56974 56976 56978  0.0 0.0
57151 57144 57149 57147  120.0 2.5
57155 57153 57151 57149 -120.0 2.5
57151 57155 57157 57159  180.0 0.0
57268 57279 57271 57273 -120.0 2.5
57303 57306 57308 57310  0.0 0.0
57408 57419 57411 57413 -120.0 2.5
57443 57446 57448 57450  0.0 0.0
57533 57544 57536 57538 -120.0 2.5
57568 57571 57573 57575  0.0 0.0
57738 57749 57741 57743 -120.0 2.5
57773 57776 57778 57780  0.0 0.0
57878 57889 57881 57883 -120.0 2.5
57913 57916 57918 57920  0.0 0.0
58521 58532 58524 58526 -120.0 2.5
58556 58559 58561 58563  0.0 0.0
58661 58672 58664 58666 -120.0 2.5
58696 58699 58701 58703  0.0 0.0
59082 59093 59085 59087 -120.0 2.5
59117 59120 59122 59124  0.0 0.0
59198 59218 59214 59210  60.0 2.5
59218 59214 59210 59206 -60.0 2.5
59214 59210 59206 59202  60.0 2.5
59210 59206 59202 59198 -60.0 2.5
59206 59202 59198 59218  60.0 2.5
59202 59198 59218 59214 -60.0 2.5
59225 59236 59228 59230 -120.0 2.5
59260 59263 59265 59267  0.0 0.0
59350 59361 59353 59355 -120.0 2.5
59385 59388 59390 59392  0.0 0.0
59490 59501 59493 59495 -120.0 2.5
59525 59528 59530 59532  0.0 0.0
59624 59635 59627 59629 -120.0 2.5
59659 59662 59664 59666  0.0 0.0
59987 59980 59985 59983  120.0 2.5
59991 59989 59987 59985 -120.0 2.5
59987 59991 59993 59995  180.0 0.0
60113 60124 60116 60118 -120.0 2.5
60148 60151 60153 60155  0.0 0.0
60469 60480 60472 60474 -120.0 2.5
60504 60507 60509 60511  0.0 0.0
60727 60747 60743 60739  60.0 2.5
60747 60743 60739 60735 -60.0 2.5
60743 60739 60735 60731  60.0 2.5
60739 60735 60731 60727 -60.0 2.5
60735 60731 60727 60747  60.0 2.5
60731 60727 60747 60743 -60.0 2.5
60754 60765 60757 60759 -120.0 2.5
60789 60792 60794 60796  0.0 0.0
60888 60899 60891 60893 -120.0 2.5
60923 60926 60928 60930  0.0 0.0
61013 61024 61016 61018 -120.0 2.5
61048 61051 61053 61055  0.0 0.0
61351 61357 61355 61360  120.0 2.5
61368 61379 61371 61373 -120.0 2.5
61403 61406 61408 61410  0.0 0.0
61567 61578 61570 61572 -120.0 2.5
61602 61605 61607 61609  0.0 0.0
61698 61709 61701 61703 -120.0 2.5
61733 61736 61738 61740  0.0 0.0
62258 62264 62262 62267  120.0 2.5
62275 62286 62278 62280 -120.0 2.5
62310 62313 62315 62317  0.0 0.0
62557 62568 62560 62562 -120.0 2.5
62592 62595 62597 62599  0.0 0.0
62682 62693 62685 62687 -120.0 2.5
62717 62720 62722 62724  0.0 0.0
63094 63100 63098 63103  120.0 2.5
63111 63122 63114 63116 -120.0 2.5
63146 63149 63151 63153  0.0 0.0
63221 63227 63225 63230  120.0 2.5
63238 63249 63241 63243 -120.0 2.5
63273 63276 63278 63280  0.0 0.0
63446 63457 63449 63451 -120.0 2.5
63481 63484 63486 63488  0.0 0.0
63571 63582 63574 63576 -120.0 2.5
63606 63609 63611 63613  0.0 0.0
63785 63796 63788 63790 -120.0 2.5
63820 63823 63825 63827  0.0 0.0
63919 63930 63922 63924 -120.0 2.5
63954 63957 63959 63961  0.0 0.0
