10731
10863
10998
11130
11265
11502
11637
11772
11904
12036
12168
12300
12435
12672
12804
12939
13071
13203
13338
13470
13602
13734
13869
14001
14133
14265
14397
14529
14661
14793
14925
15057
15189
15321
15453
15585
15717
15849
15981
16113
16245
16377
16509
16641
16773
16905
17037
17169
17301
17433
17565
17697
17832
17964
18096
18228
18360
18492
18627
18759
18891
19023
19155
19287
19419
19551
19683
19815
19947
20079
20211
20343
20475
20607
20739
20871
21003
21240
21372
21645
21777
22050
22182
22317
22449
22581
22713
22845
22977
23109
23241
23478
23613
23745
23880
24012
24144
24417
24549
24684
24957
25092
25227
25359
25491
25626
25758
25890
26022
26154
26286
26417
26499
26639
26756
26840
26974
27099
27230
27353
27427
27518
27642
27782
27907
28030
28104
28178
28269
28386
28460
28534
28608
28699
28816
28890
28964
29038
29112
29194
29317
29391
29465
29549
29666
29760
29885
30025
30150
30290
30424
30541
30615
30689
30763
30845
30976
31099
31190
31324
31440
31514
31588
31670
31793
31867
31958
32075
32157
32288
32411
32502
32619
32710
32835
32975
33108
33242
33359
33441
33564
33638
33712
33803
33930
34064
34181
34263
34394
34534
34651
34742
34859
34941
35064
35138
35229
35366
35483
35577
35711
35838
35972
36097
36220
36294
36376
36499
36573
36655
36786
36926
37043
37134
37250
37324
37398
37472
37546
37620
37694
37768
37842
37916
37990
38081
38215
38332
38414
38554
38671
38745
38836
38961
39104
39221
39295
39389
39514
39637
39711
39793
39916
39990
40081
40198
40272
40363
40496
40613
40704
40838
40955
41029
41103
41177
41259
41399
41516
41610
41744
41861
41943
42074
42197
42288
42405
42479
42553
42635
42766
42889
42983
43117
43234
43308
43382
43456
43530
43614
43739
43879
43996
44090
44215
44355
44472
44546
44620
44694
44776
44907
45040
45165
45305
45430
45553
45644
45769
45900
46023
46097
46171
46253
46384
46524
46661
46798
46915
46989
47063
47137
47211
47302
47426
47566
47691
47822
47962
48078
48152
48236
48353
48427
48501
48583
48706
48780
48862
49002
49135
49252
49326
49400
49474
49556
49699
49816
49890
49972
50103
50226
50300
50382
50513
50636
50710
50784
50875
50992
51066
51157
51274
51365
51482
51573
51698
51821
51903
52026
52100
52174
52248
52322
52413
52538
52661
52735
52826
52960
53077
53168
53302
53419
53493
53567
53658
53795
53929
54046
54120
54194
54288
54413
54536
54627
54761
54886
55026
55143
55217
55308
55433
55556
55638
55778
55912
56037
56177
56293
56367
56441
56532
56657
56797
56931
57048
57139
57263
57403
57528
57651
57733
57873
57990
58064
58138
58212
58286
58360
58434
58516
58656
58773
58847
58921
58995
59077
59220
59345
59485
59619
59736
59810
59884
59975
60108
60225
60299
60373
60464
60581
60655
60749
60883
61008
61131
61205
61279
61363
61480
61562
61693
61816
61890
61964
62038
62112
62186
62270
62387
62461
62552
62677
62800
62874
62948
63022
63106
63233
63350
63441
63566
63689
63780
63914
64031
