30264 30275 30267 30269 -120.0 2.5
30299 30302 30304 30306  0.0 0.0
30398 30409 30401 30403 -120.0 2.5
30433 30436 30438 30440  0.0 0.0
30532 30543 30535 30537 -120.0 2.5
30567 30570 30572 30574  0.0 0.0
30666 30677 30669 30671 -120.0 2.5
30701 30704 30706 30708  0.0 0.0
30800 30811 30803 30805 -120.0 2.5
30835 30838 30840 30842  0.0 0.0
30934 30945 30937 30939 -120.0 2.5
30969 30972 30974 30976  0.0 0.0
31068 31079 31071 31073 -120.0 2.5
31103 31106 31108 31110  0.0 0.0
31202 31213 31205 31207 -120.0 2.5
31237 31240 31242 31244  0.0 0.0
31336 31347 31339 31341 -120.0 2.5
31371 31374 31376 31378  0.0 0.0
31470 31481 31473 31475 -120.0 2.5
31505 31508 31510 31512  0.0 0.0
31604 31615 31607 31609 -120.0 2.5
31639 31642 31644 31646  0.0 0.0
31738 31749 31741 31743 -120.0 2.5
31773 31776 31778 31780  0.0 0.0
31872 31883 31875 31877 -120.0 2.5
31907 31910 31912 31914  0.0 0.0
32006 32017 32009 32011 -120.0 2.5
32041 32044 32046 32048  0.0 0.0
32140 32151 32143 32145 -120.0 2.5
32175 32178 32180 32182  0.0 0.0
32274 32285 32277 32279 -120.0 2.5
32309 32312 32314 32316  0.0 0.0
32408 32419 32411 32413 -120.0 2.5
32443 32446 32448 32450  0.0 0.0
32542 32553 32545 32547 -120.0 2.5
32577 32580 32582 32584  0.0 0.0
32676 32687 32679 32681 -120.0 2.5
32711 32714 32716 32718  0.0 0.0
32810 32821 32813 32815 -120.0 2.5
32845 32848 32850 32852  0.0 0.0
32944 32955 32947 32949 -120.0 2.5
32979 32982 32984 32986  0.0 0.0
33078 33089 33081 33083 -120.0 2.5
33113 33116 33118 33120  0.0 0.0
33212 33223 33215 33217 -120.0 2.5
33247 33250 33252 33254  0.0 0.0
33346 33357 33349 33351 -120.0 2.5
33381 33384 33386 33388  0.0 0.0
33480 33491 33483 33485 -120.0 2.5
33515 33518 33520 33522  0.0 0.0
33614 33625 33617 33619 -120.0 2.5
33649 33652 33654 33656  0.0 0.0
33748 33759 33751 33753 -120.0 2.5
33783 33786 33788 33790  0.0 0.0
33882 33893 33885 33887 -120.0 2.5
33917 33920 33922 33924  0.0 0.0
34016 34027 34019 34021 -120.0 2.5
34051 34054 34056 34058  0.0 0.0
34150 34161 34153 34155 -120.0 2.5
34185 34188 34190 34192  0.0 0.0
34284 34295 34287 34289 -120.0 2.5
34319 34322 34324 34326  0.0 0.0
34418 34429 34421 34423 -120.0 2.5
34453 34456 34458 34460  0.0 0.0
34552 34563 34555 34557 -120.0 2.5
34587 34590 34592 34594  0.0 0.0
34686 34697 34689 34691 -120.0 2.5
34721 34724 34726 34728  0.0 0.0
34820 34831 34823 34825 -120.0 2.5
34855 34858 34860 34862  0.0 0.0
34954 34965 34957 34959 -120.0 2.5
34989 34992 34994 34996  0.0 0.0
35088 35099 35091 35093 -120.0 2.5
35123 35126 35128 35130  0.0 0.0
35222 35233 35225 35227 -120.0 2.5
35257 35260 35262 35264  0.0 0.0
35356 35367 35359 35361 -120.0 2.5
35391 35394 35396 35398  0.0 0.0
35490 35501 35493 35495 -120.0 2.5
35525 35528 35530 35532  0.0 0.0
35624 35635 35627 35629 -120.0 2.5
35659 35662 35664 35666  0.0 0.0
35758 35769 35761 35763 -120.0 2.5
35793 35796 35798 35800  0.0 0.0
35892 35903 35895 35897 -120.0 2.5
35927 35930 35932 35934  0.0 0.0
36026 36037 36029 36031 -120.0 2.5
36061 36064 36066 36068  0.0 0.0
36160 36171 36163 36165 -120.0 2.5
36195 36198 36200 36202  0.0 0.0
36294 36305 36297 36299 -120.0 2.5
36329 36332 36334 36336  0.0 0.0
36428 36439 36431 36433 -120.0 2.5
36463 36466 36468 36470  0.0 0.0
36562 36573 36565 36567 -120.0 2.5
36597 36600 36602 36604  0.0 0.0
36696 36707 36699 36701 -120.0 2.5
36731 36734 36736 36738  0.0 0.0
36830 36841 36833 36835 -120.0 2.5
36865 36868 36870 36872  0.0 0.0
36964 36975 36967 36969 -120.0 2.5
36999 37002 37004 37006  0.0 0.0
37098 37109 37101 37103 -120.0 2.5
37133 37136 37138 37140  0.0 0.0
37232 37243 37235 37237 -120.0 2.5
37267 37270 37272 37274  0.0 0.0
37366 37377 37369 37371 -120.0 2.5
37401 37404 37406 37408  0.0 0.0
37500 37511 37503 37505 -120.0 2.5
37535 37538 37540 37542  0.0 0.0
37634 37645 37637 37639 -120.0 2.5
37669 37672 37674 37676  0.0 0.0
37768 37779 37771 37773 -120.0 2.5
37803 37806 37808 37810  0.0 0.0
37902 37913 37905 37907 -120.0 2.5
37937 37940 37942 37944  0.0 0.0
38036 38047 38039 38041 -120.0 2.5
38071 38074 38076 38078  0.0 0.0
38170 38181 38173 38175 -120.0 2.5
38205 38208 38210 38212  0.0 0.0
38304 38315 38307 38309 -120.0 2.5
38339 38342 38344 38346  0.0 0.0
38438 38449 38441 38443 -120.0 2.5
38473 38476 38478 38480  0.0 0.0
38572 38583 38575 38577 -120.0 2.5
38607 38610 38612 38614  0.0 0.0
38706 38717 38709 38711 -120.0 2.5
38741 38744 38746 38748  0.0 0.0
38840 38851 38843 38845 -120.0 2.5
38875 38878 38880 38882  0.0 0.0
38974 38985 38977 38979 -120.0 2.5
39009 39012 39014 39016  0.0 0.0
39108 39119 39111 39113 -120.0 2.5
39143 39146 39148 39150  0.0 0.0
39242 39253 39245 39247 -120.0 2.5
39277 39280 39282 39284  0.0 0.0
39376 39387 39379 39381 -120.0 2.5
39411 39414 39416 39418  0.0 0.0
39510 39521 39513 39515 -120.0 2.5
39545 39548 39550 39552  0.0 0.0
39644 39655 39647 39649 -120.0 2.5
39679 39682 39684 39686  0.0 0.0
39778 39789 39781 39783 -120.0 2.5
39813 39816 39818 39820  0.0 0.0
39912 39923 39915 39917 -120.0 2.5
39947 39950 39952 39954  0.0 0.0
40046 40057 40049 40051 -120.0 2.5
40081 40084 40086 40088  0.0 0.0
40180 40191 40183 40185 -120.0 2.5
40215 40218 40220 40222  0.0 0.0
40314 40325 40317 40319 -120.0 2.5
40349 40352 40354 40356  0.0 0.0
40448 40459 40451 40453 -120.0 2.5
40483 40486 40488 40490  0.0 0.0
40582 40593 40585 40587 -120.0 2.5
40617 40620 40622 40624  0.0 0.0
40716 40727 40719 40721 -120.0 2.5
40751 40754 40756 40758  0.0 0.0
40850 40861 40853 40855 -120.0 2.5
40885 40888 40890 40892  0.0 0.0
40984 40995 40987 40989 -120.0 2.5
41019 41022 41024 41026  0.0 0.0
41118 41129 41121 41123 -120.0 2.5
41153 41156 41158 41160  0.0 0.0
41252 41263 41255 41257 -120.0 2.5
41287 41290 41292 41294  0.0 0.0
41386 41397 41389 41391 -120.0 2.5
41421 41424 41426 41428  0.0 0.0
41520 41531 41523 41525 -120.0 2.5
41555 41558 41560 41562  0.0 0.0
41654 41665 41657 41659 -120.0 2.5
41689 41692 41694 41696  0.0 0.0
41788 41799 41791 41793 -120.0 2.5
41823 41826 41828 41830  0.0 0.0
41922 41933 41925 41927 -120.0 2.5
41957 41960 41962 41964  0.0 0.0
42056 42067 42059 42061 -120.0 2.5
42091 42094 42096 42098  0.0 0.0
42190 42201 42193 42195 -120.0 2.5
42225 42228 42230 42232  0.0 0.0
42324 42335 42327 42329 -120.0 2.5
42359 42362 42364 42366  0.0 0.0
42458 42469 42461 42463 -120.0 2.5
42493 42496 42498 42500  0.0 0.0
42592 42603 42595 42597 -120.0 2.5
42627 42630 42632 42634  0.0 0.0
42726 42737 42729 42731 -120.0 2.5
42761 42764 42766 42768  0.0 0.0
42860 42871 42863 42865 -120.0 2.5
42895 42898 42900 42902  0.0 0.0
42994 43005 42997 42999 -120.0 2.5
43029 43032 43034 43036  0.0 0.0
43128 43139 43131 43133 -120.0 2.5
43163 43166 43168 43170  0.0 0.0
43262 43273 43265 43267 -120.0 2.5
43297 43300 43302 43304  0.0 0.0
43396 43407 43399 43401 -120.0 2.5
43431 43434 43436 43438  0.0 0.0
43530 43541 43533 43535 -120.0 2.5
43565 43568 43570 43572  0.0 0.0
43664 43675 43667 43669 -120.0 2.5
43699 43702 43704 43706  0.0 0.0
43798 43809 43801 43803 -120.0 2.5
43833 43836 43838 43840  0.0 0.0
43932 43943 43935 43937 -120.0 2.5
43967 43970 43972 43974  0.0 0.0
44066 44077 44069 44071 -120.0 2.5
44101 44104 44106 44108  0.0 0.0
44200 44211 44203 44205 -120.0 2.5
44235 44238 44240 44242  0.0 0.0
44334 44345 44337 44339 -120.0 2.5
44369 44372 44374 44376  0.0 0.0
44468 44479 44471 44473 -120.0 2.5
44503 44506 44508 44510  0.0 0.0
44602 44613 44605 44607 -120.0 2.5
44637 44640 44642 44644  0.0 0.0
44736 44747 44739 44741 -120.0 2.5
44771 44774 44776 44778  0.0 0.0
44870 44881 44873 44875 -120.0 2.5
44905 44908 44910 44912  0.0 0.0
45004 45015 45007 45009 -120.0 2.5
45039 45042 45044 45046  0.0 0.0
45138 45149 45141 45143 -120.0 2.5
45173 45176 45178 45180  0.0 0.0
45272 45283 45275 45277 -120.0 2.5
45307 45310 45312 45314  0.0 0.0
45406 45417 45409 45411 -120.0 2.5
45441 45444 45446 45448  0.0 0.0
45540 45551 45543 45545 -120.0 2.5
45575 45578 45580 45582  0.0 0.0
45674 45685 45677 45679 -120.0 2.5
45709 45712 45714 45716  0.0 0.0
45808 45819 45811 45813 -120.0 2.5
45843 45846 45848 45850  0.0 0.0
45942 45953 45945 45947 -120.0 2.5
45977 45980 45982 45984  0.0 0.0
46076 46087 46079 46081 -120.0 2.5
46111 46114 46116 46118  0.0 0.0
46210 46221 46213 46215 -120.0 2.5
46245 46248 46250 46252  0.0 0.0
46344 46355 46347 46349 -120.0 2.5
46379 46382 46384 46386  0.0 0.0
46478 46489 46481 46483 -120.0 2.5
46513 46516 46518 46520  0.0 0.0
46612 46623 46615 46617 -120.0 2.5
46647 46650 46652 46654  0.0 0.0
46746 46757 46749 46751 -120.0 2.5
46781 46784 46786 46788  0.0 0.0
46880 46891 46883 46885 -120.0 2.5
46915 46918 46920 46922  0.0 0.0
47014 47025 47017 47019 -120.0 2.5
47049 47052 47054 47056  0.0 0.0
47148 47159 47151 47153 -120.0 2.5
47183 47186 47188 47190  0.0 0.0
47282 47293 47285 47287 -120.0 2.5
47317 47320 47322 47324  0.0 0.0
47416 47427 47419 47421 -120.0 2.5
47451 47454 47456 47458  0.0 0.0
47550 47561 47553 47555 -120.0 2.5
47585 47588 47590 47592  0.0 0.0
47684 47695 47687 47689 -120.0 2.5
47719 47722 47724 47726  0.0 0.0
47818 47829 47821 47823 -120.0 2.5
47853 47856 47858 47860  0.0 0.0
47952 47963 47955 47957 -120.0 2.5
47987 47990 47992 47994  0.0 0.0
48086 48097 48089 48091 -120.0 2.5
48121 48124 48126 48128  0.0 0.0
48220 48231 48223 48225 -120.0 2.5
48255 48258 48260 48262  0.0 0.0
48354 48365 48357 48359 -120.0 2.5
48389 48392 48394 48396  0.0 0.0
48488 48499 48491 48493 -120.0 2.5
48523 48526 48528 48530  0.0 0.0
48622 48633 48625 48627 -120.0 2.5
48657 48660 48662 48664  0.0 0.0
48756 48767 48759 48761 -120.0 2.5
48791 48794 48796 48798  0.0 0.0
48890 48901 48893 48895 -120.0 2.5
48925 48928 48930 48932  0.0 0.0
49024 49035 49027 49029 -120.0 2.5
49059 49062 49064 49066  0.0 0.0
49158 49169 49161 49163 -120.0 2.5
49193 49196 49198 49200  0.0 0.0
49292 49303 49295 49297 -120.0 2.5
49327 49330 49332 49334  0.0 0.0
49426 49437 49429 49431 -120.0 2.5
49461 49464 49466 49468  0.0 0.0
49560 49571 49563 49565 -120.0 2.5
49595 49598 49600 49602  0.0 0.0
49694 49705 49697 49699 -120.0 2.5
49729 49732 49734 49736  0.0 0.0
49828 49839 49831 49833 -120.0 2.5
49863 49866 49868 49870  0.0 0.0
49962 49973 49965 49967 -120.0 2.5
49997 50000 50002 50004  0.0 0.0
50096 50107 50099 50101 -120.0 2.5
50131 50134 50136 50138  0.0 0.0
50230 50241 50233 50235 -120.0 2.5
50265 50268 50270 50272  0.0 0.0
50364 50375 50367 50369 -120.0 2.5
50399 50402 50404 50406  0.0 0.0
50498 50509 50501 50503 -120.0 2.5
50533 50536 50538 50540  0.0 0.0
50632 50643 50635 50637 -120.0 2.5
50667 50670 50672 50674  0.0 0.0
50766 50777 50769 50771 -120.0 2.5
50801 50804 50806 50808  0.0 0.0
50900 50911 50903 50905 -120.0 2.5
50935 50938 50940 50942  0.0 0.0
51034 51045 51037 51039 -120.0 2.5
51069 51072 51074 51076  0.0 0.0
51168 51179 51171 51173 -120.0 2.5
51203 51206 51208 51210  0.0 0.0
51302 51313 51305 51307 -120.0 2.5
51337 51340 51342 51344  0.0 0.0
51436 51447 51439 51441 -120.0 2.5
51471 51474 51476 51478  0.0 0.0
51570 51581 51573 51575 -120.0 2.5
51605 51608 51610 51612  0.0 0.0
51704 51715 51707 51709 -120.0 2.5
51739 51742 51744 51746  0.0 0.0
51838 51849 51841 51843 -120.0 2.5
51873 51876 51878 51880  0.0 0.0
51972 51983 51975 51977 -120.0 2.5
52007 52010 52012 52014  0.0 0.0
52106 52117 52109 52111 -120.0 2.5
52141 52144 52146 52148  0.0 0.0
52240 52251 52243 52245 -120.0 2.5
52275 52278 52280 52282  0.0 0.0
52374 52385 52377 52379 -120.0 2.5
52409 52412 52414 52416  0.0 0.0
52508 52519 52511 52513 -120.0 2.5
52543 52546 52548 52550  0.0 0.0
52642 52653 52645 52647 -120.0 2.5
52677 52680 52682 52684  0.0 0.0
52776 52787 52779 52781 -120.0 2.5
52811 52814 52816 52818  0.0 0.0
52910 52921 52913 52915 -120.0 2.5
52945 52948 52950 52952  0.0 0.0
53044 53055 53047 53049 -120.0 2.5
53079 53082 53084 53086  0.0 0.0
53178 53189 53181 53183 -120.0 2.5
53213 53216 53218 53220  0.0 0.0
53312 53323 53315 53317 -120.0 2.5
53347 53350 53352 53354  0.0 0.0
53446 53457 53449 53451 -120.0 2.5
53481 53484 53486 53488  0.0 0.0
53580 53591 53583 53585 -120.0 2.5
53615 53618 53620 53622  0.0 0.0
53714 53725 53717 53719 -120.0 2.5
53749 53752 53754 53756  0.0 0.0
53848 53859 53851 53853 -120.0 2.5
53883 53886 53888 53890  0.0 0.0
53982 53993 53985 53987 -120.0 2.5
54017 54020 54022 54024  0.0 0.0
54116 54127 54119 54121 -120.0 2.5
54151 54154 54156 54158  0.0 0.0
54250 54261 54253 54255 -120.0 2.5
54285 54288 54290 54292  0.0 0.0
54384 54395 54387 54389 -120.0 2.5
54419 54422 54424 54426  0.0 0.0
54518 54529 54521 54523 -120.0 2.5
54553 54556 54558 54560  0.0 0.0
54652 54663 54655 54657 -120.0 2.5
54687 54690 54692 54694  0.0 0.0
54786 54797 54789 54791 -120.0 2.5
54821 54824 54826 54828  0.0 0.0
54920 54931 54923 54925 -120.0 2.5
54955 54958 54960 54962  0.0 0.0
55054 55065 55057 55059 -120.0 2.5
55089 55092 55094 55096  0.0 0.0
55188 55199 55191 55193 -120.0 2.5
55223 55226 55228 55230  0.0 0.0
55322 55333 55325 55327 -120.0 2.5
55357 55360 55362 55364  0.0 0.0
55456 55467 55459 55461 -120.0 2.5
55491 55494 55496 55498  0.0 0.0
55590 55601 55593 55595 -120.0 2.5
55625 55628 55630 55632  0.0 0.0
55724 55735 55727 55729 -120.0 2.5
55759 55762 55764 55766  0.0 0.0
55858 55869 55861 55863 -120.0 2.5
55893 55896 55898 55900  0.0 0.0
55992 56003 55995 55997 -120.0 2.5
56027 56030 56032 56034  0.0 0.0
56126 56137 56129 56131 -120.0 2.5
56161 56164 56166 56168  0.0 0.0
56260 56271 56263 56265 -120.0 2.5
56295 56298 56300 56302  0.0 0.0
56394 56405 56397 56399 -120.0 2.5
56429 56432 56434 56436  0.0 0.0
56528 56539 56531 56533 -120.0 2.5
56563 56566 56568 56570  0.0 0.0
56662 56673 56665 56667 -120.0 2.5
56697 56700 56702 56704  0.0 0.0
56796 56807 56799 56801 -120.0 2.5
56831 56834 56836 56838  0.0 0.0
56930 56941 56933 56935 -120.0 2.5
56965 56968 56970 56972  0.0 0.0
57064 57075 57067 57069 -120.0 2.5
57099 57102 57104 57106  0.0 0.0
57198 57209 57201 57203 -120.0 2.5
57233 57236 57238 57240  0.0 0.0
57332 57343 57335 57337 -120.0 2.5
57367 57370 57372 57374  0.0 0.0
57466 57477 57469 57471 -120.0 2.5
57501 57504 57506 57508  0.0 0.0
57600 57611 57603 57605 -120.0 2.5
57635 57638 57640 57642  0.0 0.0
57734 57745 57737 57739 -120.0 2.5
57769 57772 57774 57776  0.0 0.0
57868 57879 57871 57873 -120.0 2.5
57903 57906 57908 57910  0.0 0.0
58002 58013 58005 58007 -120.0 2.5
58037 58040 58042 58044  0.0 0.0
58136 58147 58139 58141 -120.0 2.5
58171 58174 58176 58178  0.0 0.0
58270 58281 58273 58275 -120.0 2.5
58305 58308 58310 58312  0.0 0.0
58404 58415 58407 58409 -120.0 2.5
58439 58442 58444 58446  0.0 0.0
58538 58549 58541 58543 -120.0 2.5
58573 58576 58578 58580  0.0 0.0
58672 58683 58675 58677 -120.0 2.5
58707 58710 58712 58714  0.0 0.0
58806 58817 58809 58811 -120.0 2.5
58841 58844 58846 58848  0.0 0.0
58940 58951 58943 58945 -120.0 2.5
58975 58978 58980 58982  0.0 0.0
59074 59085 59077 59079 -120.0 2.5
59109 59112 59114 59116  0.0 0.0
59208 59219 59211 59213 -120.0 2.5
59243 59246 59248 59250  0.0 0.0
59342 59353 59345 59347 -120.0 2.5
59377 59380 59382 59384  0.0 0.0
59476 59487 59479 59481 -120.0 2.5
59511 59514 59516 59518  0.0 0.0
59610 59621 59613 59615 -120.0 2.5
59645 59648 59650 59652  0.0 0.0
59744 59755 59747 59749 -120.0 2.5
59779 59782 59784 59786  0.0 0.0
59878 59889 59881 59883 -120.0 2.5
59913 59916 59918 59920  0.0 0.0
60012 60023 60015 60017 -120.0 2.5
60047 60050 60052 60054  0.0 0.0
60146 60157 60149 60151 -120.0 2.5
60181 60184 60186 60188  0.0 0.0
60280 60291 60283 60285 -120.0 2.5
60315 60318 60320 60322  0.0 0.0
60414 60425 60417 60419 -120.0 2.5
60449 60452 60454 60456  0.0 0.0
60548 60559 60551 60553 -120.0 2.5
60583 60586 60588 60590  0.0 0.0
60682 60693 60685 60687 -120.0 2.5
60717 60720 60722 60724  0.0 0.0
60816 60827 60819 60821 -120.0 2.5
60851 60854 60856 60858  0.0 0.0
60950 60961 60953 60955 -120.0 2.5
60985 60988 60990 60992  0.0 0.0
61084 61095 61087 61089 -120.0 2.5
61119 61122 61124 61126  0.0 0.0
61218 61229 61221 61223 -120.0 2.5
61253 61256 61258 61260  0.0 0.0
61352 61363 61355 61357 -120.0 2.5
61387 61390 61392 61394  0.0 0.0
61486 61497 61489 61491 -120.0 2.5
61521 61524 61526 61528  0.0 0.0
61620 61631 61623 61625 -120.0 2.5
61655 61658 61660 61662  0.0 0.0
61754 61765 61757 61759 -120.0 2.5
61789 61792 61794 61796  0.0 0.0
61888 61899 61891 61893 -120.0 2.5
61923 61926 61928 61930  0.0 0.0
62022 62033 62025 62027 -120.0 2.5
62057 62060 62062 62064  0.0 0.0
62156 62167 62159 62161 -120.0 2.5
62191 62194 62196 62198  0.0 0.0
62290 62301 62293 62295 -120.0 2.5
62325 62328 62330 62332  0.0 0.0
62424 62435 62427 62429 -120.0 2.5
62459 62462 62464 62466  0.0 0.0
62558 62569 62561 62563 -120.0 2.5
62593 62596 62598 62600  0.0 0.0
62692 62703 62695 62697 -120.0 2.5
62727 62730 62732 62734  0.0 0.0
62826 62837 62829 62831 -120.0 2.5
62861 62864 62866 62868  0.0 0.0
62960 62971 62963 62965 -120.0 2.5
62995 62998 63000 63002  0.0 0.0
63094 63105 63097 63099 -120.0 2.5
63129 63132 63134 63136  0.0 0.0
63228 63239 63231 63233 -120.0 2.5
63263 63266 63268 63270  0.0 0.0
63362 63373 63365 63367 -120.0 2.5
63397 63400 63402 63404  0.0 0.0
63496 63507 63499 63501 -120.0 2.5
63531 63534 63536 63538  0.0 0.0
63630 63641 63633 63635 -120.0 2.5
63665 63668 63670 63672  0.0 0.0
63764 63775 63767 63769 -120.0 2.5
63799 63802 63804 63806  0.0 0.0
63898 63909 63901 63903 -120.0 2.5
63933 63936 63938 63940  0.0 0.0
64032 64043 64035 64037 -120.0 2.5
64067 64070 64072 64074  0.0 0.0
64166 64177 64169 64171 -120.0 2.5
64201 64204 64206 64208  0.0 0.0
64300 64311 64303 64305 -120.0 2.5
64335 64338 64340 64342  0.0 0.0
64434 64445 64437 64439 -120.0 2.5
64469 64472 64474 64476  0.0 0.0
64568 64579 64571 64573 -120.0 2.5
64603 64606 64608 64610  0.0 0.0
64702 64713 64705 64707 -120.0 2.5
64737 64740 64742 64744  0.0 0.0
64836 64847 64839 64841 -120.0 2.5
64871 64874 64876 64878  0.0 0.0
64970 64981 64973 64975 -120.0 2.5
65005 65008 65010 65012  0.0 0.0
65104 65115 65107 65109 -120.0 2.5
65139 65142 65144 65146  0.0 0.0
65238 65249 65241 65243 -120.0 2.5
65273 65276 65278 65280  0.0 0.0
65372 65383 65375 65377 -120.0 2.5
65407 65410 65412 65414  0.0 0.0
65506 65517 65509 65511 -120.0 2.5
65541 65544 65546 65548  0.0 0.0
65640 65651 65643 65645 -120.0 2.5
65675 65678 65680 65682  0.0 0.0
65774 65785 65777 65779 -120.0 2.5
65809 65812 65814 65816  0.0 0.0
65908 65919 65911 65913 -120.0 2.5
65943 65946 65948 65950  0.0 0.0
66042 66053 66045 66047 -120.0 2.5
66077 66080 66082 66084  0.0 0.0
66176 66187 66179 66181 -120.0 2.5
66211 66214 66216 66218  0.0 0.0
66310 66321 66313 66315 -120.0 2.5
66345 66348 66350 66352  0.0 0.0
66444 66455 66447 66449 -120.0 2.5
66479 66482 66484 66486  0.0 0.0
66578 66589 66581 66583 -120.0 2.5
66613 66616 66618 66620  0.0 0.0
66712 66723 66715 66717 -120.0 2.5
66747 66750 66752 66754  0.0 0.0
66846 66857 66849 66851 -120.0 2.5
66881 66884 66886 66888  0.0 0.0
66980 66991 66983 66985 -120.0 2.5
67015 67018 67020 67022  0.0 0.0
67114 67125 67117 67119 -120.0 2.5
67149 67152 67154 67156  0.0 0.0
67248 67259 67251 67253 -120.0 2.5
67283 67286 67288 67290  0.0 0.0
67382 67393 67385 67387 -120.0 2.5
67417 67420 67422 67424  0.0 0.0
67516 67527 67519 67521 -120.0 2.5
67551 67554 67556 67558  0.0 0.0
67650 67661 67653 67655 -120.0 2.5
67685 67688 67690 67692  0.0 0.0
67784 67795 67787 67789 -120.0 2.5
67819 67822 67824 67826  0.0 0.0
67918 67929 67921 67923 -120.0 2.5
67953 67956 67958 67960  0.0 0.0
68052 68063 68055 68057 -120.0 2.5
68087 68090 68092 68094  0.0 0.0
68186 68197 68189 68191 -120.0 2.5
68221 68224 68226 68228  0.0 0.0
68320 68331 68323 68325 -120.0 2.5
68355 68358 68360 68362  0.0 0.0
68454 68465 68457 68459 -120.0 2.5
68489 68492 68494 68496  0.0 0.0
68588 68599 68591 68593 -120.0 2.5
68623 68626 68628 68630  0.0 0.0
68722 68733 68725 68727 -120.0 2.5
68757 68760 68762 68764  0.0 0.0
68856 68867 68859 68861 -120.0 2.5
68891 68894 68896 68898  0.0 0.0
68990 69001 68993 68995 -120.0 2.5
69025 69028 69030 69032  0.0 0.0
69124 69135 69127 69129 -120.0 2.5
69159 69162 69164 69166  0.0 0.0
69258 69269 69261 69263 -120.0 2.5
69293 69296 69298 69300  0.0 0.0
69392 69403 69395 69397 -120.0 2.5
69427 69430 69432 69434  0.0 0.0
69526 69537 69529 69531 -120.0 2.5
69561 69564 69566 69568  0.0 0.0
69660 69671 69663 69665 -120.0 2.5
69695 69698 69700 69702  0.0 0.0
69794 69805 69797 69799 -120.0 2.5
69829 69832 69834 69836  0.0 0.0
69928 69939 69931 69933 -120.0 2.5
69963 69966 69968 69970  0.0 0.0
70062 70073 70065 70067 -120.0 2.5
70097 70100 70102 70104  0.0 0.0
70196 70207 70199 70201 -120.0 2.5
70231 70234 70236 70238  0.0 0.0
70330 70341 70333 70335 -120.0 2.5
70365 70368 70370 70372  0.0 0.0
70464 70475 70467 70469 -120.0 2.5
70499 70502 70504 70506  0.0 0.0
70598 70609 70601 70603 -120.0 2.5
70633 70636 70638 70640  0.0 0.0
70732 70743 70735 70737 -120.0 2.5
70767 70770 70772 70774  0.0 0.0
70866 70877 70869 70871 -120.0 2.5
70901 70904 70906 70908  0.0 0.0
71000 71011 71003 71005 -120.0 2.5
71035 71038 71040 71042  0.0 0.0
71134 71145 71137 71139 -120.0 2.5
71169 71172 71174 71176  0.0 0.0
71268 71279 71271 71273 -120.0 2.5
71303 71306 71308 71310  0.0 0.0
71402 71413 71405 71407 -120.0 2.5
71437 71440 71442 71444  0.0 0.0
71536 71547 71539 71541 -120.0 2.5
71571 71574 71576 71578  0.0 0.0
71670 71681 71673 71675 -120.0 2.5
71705 71708 71710 71712  0.0 0.0
71804 71815 71807 71809 -120.0 2.5
71839 71842 71844 71846  0.0 0.0
71938 71949 71941 71943 -120.0 2.5
71973 71976 71978 71980  0.0 0.0
72072 72083 72075 72077 -120.0 2.5
72107 72110 72112 72114  0.0 0.0
72206 72217 72209 72211 -120.0 2.5
72241 72244 72246 72248  0.0 0.0
72340 72351 72343 72345 -120.0 2.5
72375 72378 72380 72382  0.0 0.0
72474 72485 72477 72479 -120.0 2.5
72509 72512 72514 72516  0.0 0.0
72608 72619 72611 72613 -120.0 2.5
72643 72646 72648 72650  0.0 0.0
72742 72753 72745 72747 -120.0 2.5
72777 72780 72782 72784  0.0 0.0
72876 72887 72879 72881 -120.0 2.5
72911 72914 72916 72918  0.0 0.0
73010 73021 73013 73015 -120.0 2.5
73045 73048 73050 73052  0.0 0.0
73144 73155 73147 73149 -120.0 2.5
73179 73182 73184 73186  0.0 0.0
73278 73289 73281 73283 -120.0 2.5
73313 73316 73318 73320  0.0 0.0
73412 73423 73415 73417 -120.0 2.5
73447 73450 73452 73454  0.0 0.0
73546 73557 73549 73551 -120.0 2.5
73581 73584 73586 73588  0.0 0.0
73680 73691 73683 73685 -120.0 2.5
73715 73718 73720 73722  0.0 0.0
73814 73825 73817 73819 -120.0 2.5
73849 73852 73854 73856  0.0 0.0
73948 73959 73951 73953 -120.0 2.5
73983 73986 73988 73990  0.0 0.0
74082 74093 74085 74087 -120.0 2.5
74117 74120 74122 74124  0.0 0.0
74216 74227 74219 74221 -120.0 2.5
74251 74254 74256 74258  0.0 0.0
74350 74361 74353 74355 -120.0 2.5
74385 74388 74390 74392  0.0 0.0
