21463 21456 21461 21459  120.0 2.5
21467 21465 21463 21461 -120.0 2.5
21463 21467 21469 21471  180.0 0.0
21595 21588 21593 21591  120.0 2.5
21599 21597 21595 21593 -120.0 2.5
21595 21599 21601 21603  180.0 0.0
21730 21723 21728 21726  120.0 2.5
21734 21732 21730 21728 -120.0 2.5
21730 21734 21736 21738  180.0 0.0
21862 21855 21860 21858  120.0 2.5
21866 21864 21862 21860 -120.0 2.5
21862 21866 21868 21870  180.0 0.0
21997 21990 21995 21993  120.0 2.5
22001 21999 21997 21995 -120.0 2.5
21997 22001 22003 22005  180.0 0.0
22194 22216 22214 22218  120.0 2.5
22214 22220 22218 22222  120.0 2.5
22234 22227 22232 22230  120.0 2.5
22238 22236 22234 22232 -120.0 2.5
22234 22238 22240 22242  180.0 0.0
22369 22362 22367 22365  120.0 2.5
22373 22371 22369 22367 -120.0 2.5
22369 22373 22375 22377  180.0 0.0
22504 22497 22502 22500  120.0 2.5
22508 22506 22504 22502 -120.0 2.5
22504 22508 22510 22512  180.0 0.0
22636 22629 22634 22632  120.0 2.5
22640 22638 22636 22634 -120.0 2.5
22636 22640 22642 22644  180.0 0.0
22768 22761 22766 22764  120.0 2.5
22772 22770 22768 22766 -120.0 2.5
22768 22772 22774 22776  180.0 0.0
22900 22893 22898 22896  120.0 2.5
22904 22902 22900 22898 -120.0 2.5
22900 22904 22906 22908  180.0 0.0
23032 23025 23030 23028  120.0 2.5
23036 23034 23032 23030 -120.0 2.5
23032 23036 23038 23040  180.0 0.0
23167 23160 23165 23163  120.0 2.5
23171 23169 23167 23165 -120.0 2.5
23167 23171 23173 23175  180.0 0.0
23364 23386 23384 23388  120.0 2.5
23384 23390 23388 23392  120.0 2.5
23404 23397 23402 23400  120.0 2.5
23408 23406 23404 23402 -120.0 2.5
23404 23408 23410 23412  180.0 0.0
23536 23529 23534 23532  120.0 2.5
23540 23538 23536 23534 -120.0 2.5
23536 23540 23542 23544  180.0 0.0
23671 23664 23669 23667  120.0 2.5
23675 23673 23671 23669 -120.0 2.5
23671 23675 23677 23679  180.0 0.0
23803 23796 23801 23799  120.0 2.5
23807 23805 23803 23801 -120.0 2.5
23803 23807 23809 23811  180.0 0.0
23935 23928 23933 23931  120.0 2.5
23939 23937 23935 23933 -120.0 2.5
23935 23939 23941 23943  180.0 0.0
24070 24063 24068 24066  120.0 2.5
24074 24072 24070 24068 -120.0 2.5
24070 24074 24076 24078  180.0 0.0
24202 24195 24200 24198  120.0 2.5
24206 24204 24202 24200 -120.0 2.5
24202 24206 24208 24210  180.0 0.0
24334 24327 24332 24330  120.0 2.5
24338 24336 24334 24332 -120.0 2.5
24334 24338 24340 24342  180.0 0.0
24466 24459 24464 24462  120.0 2.5
24470 24468 24466 24464 -120.0 2.5
24466 24470 24472 24474  180.0 0.0
24601 24594 24599 24597  120.0 2.5
24605 24603 24601 24599 -120.0 2.5
24601 24605 24607 24609  180.0 0.0
24733 24726 24731 24729  120.0 2.5
24737 24735 24733 24731 -120.0 2.5
24733 24737 24739 24741  180.0 0.0
24865 24858 24863 24861  120.0 2.5
24869 24867 24865 24863 -120.0 2.5
24865 24869 24871 24873  180.0 0.0
24997 24990 24995 24993  120.0 2.5
25001 24999 24997 24995 -120.0 2.5
24997 25001 25003 25005  180.0 0.0
25129 25122 25127 25125  120.0 2.5
25133 25131 25129 25127 -120.0 2.5
25129 25133 25135 25137  180.0 0.0
25261 25254 25259 25257  120.0 2.5
25265 25263 25261 25259 -120.0 2.5
25261 25265 25267 25269  180.0 0.0
25393 25386 25391 25389  120.0 2.5
25397 25395 25393 25391 -120.0 2.5
25393 25397 25399 25401  180.0 0.0
25525 25518 25523 25521  120.0 2.5
25529 25527 25525 25523 -120.0 2.5
25525 25529 25531 25533  180.0 0.0
25657 25650 25655 25653  120.0 2.5
25661 25659 25657 25655 -120.0 2.5
25657 25661 25663 25665  180.0 0.0
25789 25782 25787 25785  120.0 2.5
25793 25791 25789 25787 -120.0 2.5
25789 25793 25795 25797  180.0 0.0
25921 25914 25919 25917  120.0 2.5
25925 25923 25921 25919 -120.0 2.5
25921 25925 25927 25929  180.0 0.0
26053 26046 26051 26049  120.0 2.5
26057 26055 26053 26051 -120.0 2.5
26053 26057 26059 26061  180.0 0.0
26185 26178 26183 26181  120.0 2.5
26189 26187 26185 26183 -120.0 2.5
26185 26189 26191 26193  180.0 0.0
26317 26310 26315 26313  120.0 2.5
26321 26319 26317 26315 -120.0 2.5
26317 26321 26323 26325  180.0 0.0
26449 26442 26447 26445  120.0 2.5
26453 26451 26449 26447 -120.0 2.5
26449 26453 26455 26457  180.0 0.0
26581 26574 26579 26577  120.0 2.5
26585 26583 26581 26579 -120.0 2.5
26581 26585 26587 26589  180.0 0.0
26713 26706 26711 26709  120.0 2.5
26717 26715 26713 26711 -120.0 2.5
26713 26717 26719 26721  180.0 0.0
26845 26838 26843 26841  120.0 2.5
26849 26847 26845 26843 -120.0 2.5
26845 26849 26851 26853  180.0 0.0
26977 26970 26975 26973  120.0 2.5
26981 26979 26977 26975 -120.0 2.5
26977 26981 26983 26985  180.0 0.0
27109 27102 27107 27105  120.0 2.5
27113 27111 27109 27107 -120.0 2.5
27109 27113 27115 27117  180.0 0.0
27241 27234 27239 27237  120.0 2.5
27245 27243 27241 27239 -120.0 2.5
27241 27245 27247 27249  180.0 0.0
27373 27366 27371 27369  120.0 2.5
27377 27375 27373 27371 -120.0 2.5
27373 27377 27379 27381  180.0 0.0
27505 27498 27503 27501  120.0 2.5
27509 27507 27505 27503 -120.0 2.5
27505 27509 27511 27513  180.0 0.0
27637 27630 27635 27633  120.0 2.5
27641 27639 27637 27635 -120.0 2.5
27637 27641 27643 27645  180.0 0.0
27769 27762 27767 27765  120.0 2.5
27773 27771 27769 27767 -120.0 2.5
27769 27773 27775 27777  180.0 0.0
27901 27894 27899 27897  120.0 2.5
27905 27903 27901 27899 -120.0 2.5
27901 27905 27907 27909  180.0 0.0
28033 28026 28031 28029  120.0 2.5
28037 28035 28033 28031 -120.0 2.5
28033 28037 28039 28041  180.0 0.0
28165 28158 28163 28161  120.0 2.5
28169 28167 28165 28163 -120.0 2.5
28165 28169 28171 28173  180.0 0.0
28297 28290 28295 28293  120.0 2.5
28301 28299 28297 28295 -120.0 2.5
28297 28301 28303 28305  180.0 0.0
28429 28422 28427 28425  120.0 2.5
28433 28431 28429 28427 -120.0 2.5
28429 28433 28435 28437  180.0 0.0
28564 28557 28562 28560  120.0 2.5
28568 28566 28564 28562 -120.0 2.5
28564 28568 28570 28572  180.0 0.0
28696 28689 28694 28692  120.0 2.5
28700 28698 28696 28694 -120.0 2.5
28696 28700 28702 28704  180.0 0.0
28828 28821 28826 28824  120.0 2.5
28832 28830 28828 28826 -120.0 2.5
28828 28832 28834 28836  180.0 0.0
28960 28953 28958 28956  120.0 2.5
28964 28962 28960 28958 -120.0 2.5
28960 28964 28966 28968  180.0 0.0
29092 29085 29090 29088  120.0 2.5
29096 29094 29092 29090 -120.0 2.5
29092 29096 29098 29100  180.0 0.0
29224 29217 29222 29220  120.0 2.5
29228 29226 29224 29222 -120.0 2.5
29224 29228 29230 29232  180.0 0.0
29359 29352 29357 29355  120.0 2.5
29363 29361 29359 29357 -120.0 2.5
29359 29363 29365 29367  180.0 0.0
29491 29484 29489 29487  120.0 2.5
29495 29493 29491 29489 -120.0 2.5
29491 29495 29497 29499  180.0 0.0
29623 29616 29621 29619  120.0 2.5
29627 29625 29623 29621 -120.0 2.5
29623 29627 29629 29631  180.0 0.0
29755 29748 29753 29751  120.0 2.5
29759 29757 29755 29753 -120.0 2.5
29755 29759 29761 29763  180.0 0.0
29887 29880 29885 29883  120.0 2.5
29891 29889 29887 29885 -120.0 2.5
29887 29891 29893 29895  180.0 0.0
30019 30012 30017 30015  120.0 2.5
30023 30021 30019 30017 -120.0 2.5
30019 30023 30025 30027  180.0 0.0
30151 30144 30149 30147  120.0 2.5
30155 30153 30151 30149 -120.0 2.5
30151 30155 30157 30159  180.0 0.0
30283 30276 30281 30279  120.0 2.5
30287 30285 30283 30281 -120.0 2.5
30283 30287 30289 30291  180.0 0.0
30415 30408 30413 30411  120.0 2.5
30419 30417 30415 30413 -120.0 2.5
30415 30419 30421 30423  180.0 0.0
30547 30540 30545 30543  120.0 2.5
30551 30549 30547 30545 -120.0 2.5
30547 30551 30553 30555  180.0 0.0
30679 30672 30677 30675  120.0 2.5
30683 30681 30679 30677 -120.0 2.5
30679 30683 30685 30687  180.0 0.0
30811 30804 30809 30807  120.0 2.5
30815 30813 30811 30809 -120.0 2.5
30811 30815 30817 30819  180.0 0.0
30943 30936 30941 30939  120.0 2.5
30947 30945 30943 30941 -120.0 2.5
30943 30947 30949 30951  180.0 0.0
31075 31068 31073 31071  120.0 2.5
31079 31077 31075 31073 -120.0 2.5
31075 31079 31081 31083  180.0 0.0
31207 31200 31205 31203  120.0 2.5
31211 31209 31207 31205 -120.0 2.5
31207 31211 31213 31215  180.0 0.0
31339 31332 31337 31335  120.0 2.5
31343 31341 31339 31337 -120.0 2.5
31339 31343 31345 31347  180.0 0.0
31471 31464 31469 31467  120.0 2.5
31475 31473 31471 31469 -120.0 2.5
31471 31475 31477 31479  180.0 0.0
31603 31596 31601 31599  120.0 2.5
31607 31605 31603 31601 -120.0 2.5
31603 31607 31609 31611  180.0 0.0
31735 31728 31733 31731  120.0 2.5
31739 31737 31735 31733 -120.0 2.5
31735 31739 31741 31743  180.0 0.0
31932 31954 31952 31956  120.0 2.5
31952 31958 31956 31960  120.0 2.5
31972 31965 31970 31968  120.0 2.5
31976 31974 31972 31970 -120.0 2.5
31972 31976 31978 31980  180.0 0.0
32104 32097 32102 32100  120.0 2.5
32108 32106 32104 32102 -120.0 2.5
32104 32108 32110 32112  180.0 0.0
32300 32322 32320 32324  120.0 2.5
32320 32326 32324 32328  120.0 2.5
32337 32359 32357 32361  120.0 2.5
32357 32363 32361 32365  120.0 2.5
32377 32370 32375 32373  120.0 2.5
32381 32379 32377 32375 -120.0 2.5
32377 32381 32383 32385  180.0 0.0
32509 32502 32507 32505  120.0 2.5
32513 32511 32509 32507 -120.0 2.5
32509 32513 32515 32517  180.0 0.0
32705 32727 32725 32729  120.0 2.5
32725 32731 32729 32733  120.0 2.5
32742 32764 32762 32766  120.0 2.5
32762 32768 32766 32770  120.0 2.5
32782 32775 32780 32778  120.0 2.5
32786 32784 32782 32780 -120.0 2.5
32782 32786 32788 32790  180.0 0.0
32914 32907 32912 32910  120.0 2.5
32918 32916 32914 32912 -120.0 2.5
32914 32918 32920 32922  180.0 0.0
33049 33042 33047 33045  120.0 2.5
33053 33051 33049 33047 -120.0 2.5
33049 33053 33055 33057  180.0 0.0
33181 33174 33179 33177  120.0 2.5
33185 33183 33181 33179 -120.0 2.5
33181 33185 33187 33189  180.0 0.0
33313 33306 33311 33309  120.0 2.5
33317 33315 33313 33311 -120.0 2.5
33313 33317 33319 33321  180.0 0.0
33445 33438 33443 33441  120.0 2.5
33449 33447 33445 33443 -120.0 2.5
33445 33449 33451 33453  180.0 0.0
33577 33570 33575 33573  120.0 2.5
33581 33579 33577 33575 -120.0 2.5
33577 33581 33583 33585  180.0 0.0
33709 33702 33707 33705  120.0 2.5
33713 33711 33709 33707 -120.0 2.5
33709 33713 33715 33717  180.0 0.0
33841 33834 33839 33837  120.0 2.5
33845 33843 33841 33839 -120.0 2.5
33841 33845 33847 33849  180.0 0.0
33973 33966 33971 33969  120.0 2.5
33977 33975 33973 33971 -120.0 2.5
33973 33977 33979 33981  180.0 0.0
34170 34192 34190 34194  120.0 2.5
34190 34196 34194 34198  120.0 2.5
34210 34203 34208 34206  120.0 2.5
34214 34212 34210 34208 -120.0 2.5
34210 34214 34216 34218  180.0 0.0
34345 34338 34343 34341  120.0 2.5
34349 34347 34345 34343 -120.0 2.5
34345 34349 34351 34353  180.0 0.0
34477 34470 34475 34473  120.0 2.5
34481 34479 34477 34475 -120.0 2.5
34477 34481 34483 34485  180.0 0.0
34612 34605 34610 34608  120.0 2.5
34616 34614 34612 34610 -120.0 2.5
34612 34616 34618 34620  180.0 0.0
34744 34737 34742 34740  120.0 2.5
34748 34746 34744 34742 -120.0 2.5
34744 34748 34750 34752  180.0 0.0
34876 34869 34874 34872  120.0 2.5
34880 34878 34876 34874 -120.0 2.5
34876 34880 34882 34884  180.0 0.0
35072 35094 35092 35096  120.0 2.5
35092 35098 35096 35100  120.0 2.5
35109 35131 35129 35133  120.0 2.5
35129 35135 35133 35137  120.0 2.5
35149 35142 35147 35145  120.0 2.5
35153 35151 35149 35147 -120.0 2.5
35149 35153 35155 35157  180.0 0.0
35281 35274 35279 35277  120.0 2.5
35285 35283 35281 35279 -120.0 2.5
35281 35285 35287 35289  180.0 0.0
35416 35409 35414 35412  120.0 2.5
35420 35418 35416 35414 -120.0 2.5
35416 35420 35422 35424  180.0 0.0
35612 35634 35632 35636  120.0 2.5
35632 35638 35636 35640  120.0 2.5
35649 35671 35669 35673  120.0 2.5
35669 35675 35673 35677  120.0 2.5
35689 35682 35687 35685  120.0 2.5
35693 35691 35689 35687 -120.0 2.5
35689 35693 35695 35697  180.0 0.0
35824 35817 35822 35820  120.0 2.5
35828 35826 35824 35822 -120.0 2.5
35824 35828 35830 35832  180.0 0.0
35959 35952 35957 35955  120.0 2.5
35963 35961 35959 35957 -120.0 2.5
35959 35963 35965 35967  180.0 0.0
36091 36084 36089 36087  120.0 2.5
36095 36093 36091 36089 -120.0 2.5
36091 36095 36097 36099  180.0 0.0
36223 36216 36221 36219  120.0 2.5
36227 36225 36223 36221 -120.0 2.5
36223 36227 36229 36231  180.0 0.0
36358 36351 36356 36354  120.0 2.5
36362 36360 36358 36356 -120.0 2.5
36358 36362 36364 36366  180.0 0.0
36490 36483 36488 36486  120.0 2.5
36494 36492 36490 36488 -120.0 2.5
36490 36494 36496 36498  180.0 0.0
36622 36615 36620 36618  120.0 2.5
36626 36624 36622 36620 -120.0 2.5
36622 36626 36628 36630  180.0 0.0
36754 36747 36752 36750  120.0 2.5
36758 36756 36754 36752 -120.0 2.5
36754 36758 36760 36762  180.0 0.0
36886 36879 36884 36882  120.0 2.5
36890 36888 36886 36884 -120.0 2.5
36886 36890 36892 36894  180.0 0.0
37018 37011 37016 37014  120.0 2.5
37022 37020 37018 37016 -120.0 2.5
37018 37022 37024 37026  180.0 0.0
37232 37243 37235 37237 -120.0 2.5
37267 37270 37272 37274  0.0 0.0
37372 37383 37375 37377 -120.0 2.5
37407 37410 37412 37414  0.0 0.0
37556 37562 37560 37565  120.0 2.5
37573 37584 37576 37578 -120.0 2.5
37608 37611 37613 37615  0.0 0.0
37707 37718 37710 37712 -120.0 2.5
37742 37745 37747 37749  0.0 0.0
37832 37843 37835 37837 -120.0 2.5
37867 37870 37872 37874  0.0 0.0
37963 37974 37966 37968 -120.0 2.5
37998 38001 38003 38005  0.0 0.0
38258 38251 38256 38254  120.0 2.5
38262 38260 38258 38256 -120.0 2.5
38258 38262 38264 38266  180.0 0.0
38375 38386 38378 38380 -120.0 2.5
38410 38413 38415 38417  0.0 0.0
38515 38526 38518 38520 -120.0 2.5
38550 38553 38555 38557  0.0 0.0
38640 38651 38643 38645 -120.0 2.5
38675 38678 38680 38682  0.0 0.0
39002 39013 39005 39007 -120.0 2.5
39037 39040 39042 39044  0.0 0.0
39432 39443 39435 39437 -120.0 2.5
39467 39470 39472 39474  0.0 0.0
39927 39938 39930 39932 -120.0 2.5
39962 39965 39967 39969  0.0 0.0
40265 40271 40269 40274  120.0 2.5
40282 40293 40285 40287 -120.0 2.5
40317 40320 40322 40324  0.0 0.0
40466 40486 40482 40478  60.0 2.5
40486 40482 40478 40474 -60.0 2.5
40482 40478 40474 40470  60.0 2.5
40478 40474 40470 40466 -60.0 2.5
40474 40470 40466 40486  60.0 2.5
40470 40466 40486 40482 -60.0 2.5
40493 40504 40496 40498 -120.0 2.5
40528 40531 40533 40535  0.0 0.0
40618 40629 40621 40623 -120.0 2.5
40653 40656 40658 40660  0.0 0.0
40758 40769 40761 40763 -120.0 2.5
40793 40796 40798 40800  0.0 0.0
40883 40894 40886 40888 -120.0 2.5
40918 40921 40923 40925  0.0 0.0
41023 41034 41026 41028 -120.0 2.5
41058 41061 41063 41065  0.0 0.0
41157 41168 41160 41162 -120.0 2.5
41192 41195 41197 41199  0.0 0.0
41578 41589 41581 41583 -120.0 2.5
41613 41616 41618 41620  0.0 0.0
41709 41720 41712 41714 -120.0 2.5
41744 41747 41749 41751  0.0 0.0
41923 41934 41926 41928 -120.0 2.5
41958 41961 41963 41965  0.0 0.0
42064 42057 42062 42060  120.0 2.5
42068 42066 42064 42062 -120.0 2.5
42064 42068 42070 42072  180.0 0.0
42403 42414 42406 42408 -120.0 2.5
42438 42441 42443 42445  0.0 0.0
42691 42702 42694 42696 -120.0 2.5
42726 42729 42731 42733  0.0 0.0
42890 42901 42893 42895 -120.0 2.5
42925 42928 42930 42932  0.0 0.0
43021 43032 43024 43026 -120.0 2.5
43056 43059 43061 43063  0.0 0.0
43235 43246 43238 43240 -120.0 2.5
43270 43273 43275 43277  0.0 0.0
43443 43454 43446 43448 -120.0 2.5
43478 43481 43483 43485  0.0 0.0
43568 43579 43571 43573 -120.0 2.5
43603 43606 43608 43610  0.0 0.0
43715 43708 43713 43711  120.0 2.5
43719 43717 43715 43713 -120.0 2.5
43715 43719 43721 43723  180.0 0.0
43841 43852 43844 43846 -120.0 2.5
43876 43879 43881 43883  0.0 0.0
43975 43986 43978 43980 -120.0 2.5
44010 44013 44015 44017  0.0 0.0
44174 44185 44177 44179 -120.0 2.5
44209 44212 44214 44216  0.0 0.0
44536 44547 44539 44541 -120.0 2.5
44571 44574 44576 44578  0.0 0.0
44646 44652 44650 44655  120.0 2.5
44663 44674 44666 44668 -120.0 2.5
44698 44701 44703 44705  0.0 0.0
44797 44808 44800 44802 -120.0 2.5
44832 44835 44837 44839  0.0 0.0
44996 45007 44999 45001 -120.0 2.5
45031 45034 45036 45038  0.0 0.0
45127 45138 45130 45132 -120.0 2.5
45162 45165 45167 45169  0.0 0.0
45267 45278 45270 45272 -120.0 2.5
45302 45305 45307 45309  0.0 0.0
45475 45486 45478 45480 -120.0 2.5
45510 45513 45515 45517  0.0 0.0
45674 45685 45677 45679 -120.0 2.5
45709 45712 45714 45716  0.0 0.0
45962 45973 45965 45967 -120.0 2.5
45997 46000 46002 46004  0.0 0.0
46072 46092 46088 46084  60.0 2.5
46092 46088 46084 46080 -60.0 2.5
46088 46084 46080 46076  60.0 2.5
46084 46080 46076 46072 -60.0 2.5
46080 46076 46072 46092  60.0 2.5
46076 46072 46092 46088 -60.0 2.5
46099 46110 46102 46104 -120.0 2.5
46134 46137 46139 46141  0.0 0.0
46283 46303 46299 46295  60.0 2.5
46303 46299 46295 46291 -60.0 2.5
46299 46295 46291 46287  60.0 2.5
46295 46291 46287 46283 -60.0 2.5
46291 46287 46283 46303  60.0 2.5
46287 46283 46303 46299 -60.0 2.5
46310 46321 46313 46315 -120.0 2.5
46345 46348 46350 46352  0.0 0.0
46444 46455 46447 46449 -120.0 2.5
46479 46482 46484 46486  0.0 0.0
46554 46560 46558 46563  120.0 2.5
46571 46582 46574 46576 -120.0 2.5
46606 46609 46611 46613  0.0 0.0
46705 46716 46708 46710 -120.0 2.5
46740 46743 46745 46747  0.0 0.0
46830 46841 46833 46835 -120.0 2.5
46865 46868 46870 46872  0.0 0.0
47109 47120 47112 47114 -120.0 2.5
47144 47147 47149 47151  0.0 0.0
47388 47399 47391 47393 -120.0 2.5
47423 47426 47428 47430  0.0 0.0
47519 47530 47522 47524 -120.0 2.5
47554 47557 47559 47561  0.0 0.0
47659 47670 47662 47664 -120.0 2.5
47694 47697 47699 47701  0.0 0.0
47874 47867 47872 47870  120.0 2.5
47878 47876 47874 47872 -120.0 2.5
47874 47878 47880 47882  180.0 0.0
48814 48825 48817 48819 -120.0 2.5
48849 48852 48854 48856  0.0 0.0
48948 48959 48951 48953 -120.0 2.5
48983 48986 48988 48990  0.0 0.0
49147 49158 49150 49152 -120.0 2.5
49182 49185 49187 49189  0.0 0.0
49287 49298 49290 49292 -120.0 2.5
49322 49325 49327 49329  0.0 0.0
49569 49580 49572 49574 -120.0 2.5
49604 49607 49609 49611  0.0 0.0
49694 49705 49697 49699 -120.0 2.5
49729 49732 49734 49736  0.0 0.0
49810 49830 49826 49822  60.0 2.5
49830 49826 49822 49818 -60.0 2.5
49826 49822 49818 49814  60.0 2.5
49822 49818 49814 49810 -60.0 2.5
49818 49814 49810 49830  60.0 2.5
49814 49810 49830 49826 -60.0 2.5
49837 49848 49840 49842 -120.0 2.5
49872 49875 49877 49879  0.0 0.0
50095 50115 50111 50107  60.0 2.5
50115 50111 50107 50103 -60.0 2.5
50111 50107 50103 50099  60.0 2.5
50107 50103 50099 50095 -60.0 2.5
50103 50099 50095 50115  60.0 2.5
50099 50095 50115 50111 -60.0 2.5
50122 50133 50125 50127 -120.0 2.5
50157 50160 50162 50164  0.0 0.0
50247 50258 50250 50252 -120.0 2.5
50282 50285 50287 50289  0.0 0.0
50526 50537 50529 50531 -120.0 2.5
50561 50564 50566 50568  0.0 0.0
50814 50825 50817 50819 -120.0 2.5
50849 50852 50854 50856  0.0 0.0
51103 51096 51101 51099  120.0 2.5
51107 51105 51103 51101 -120.0 2.5
51103 51107 51109 51111  180.0 0.0
51229 51240 51232 51234 -120.0 2.5
51264 51267 51269 51271  0.0 0.0
51437 51448 51440 51442 -120.0 2.5
51472 51475 51477 51479  0.0 0.0
51571 51582 51574 51576 -120.0 2.5
51606 51609 51611 51613  0.0 0.0
51992 52003 51995 51997 -120.0 2.5
52027 52030 52032 52034  0.0 0.0
52132 52143 52135 52137 -120.0 2.5
52167 52170 52172 52174  0.0 0.0
52316 52336 52332 52328  60.0 2.5
52336 52332 52328 52324 -60.0 2.5
52332 52328 52324 52320  60.0 2.5
52328 52324 52320 52316 -60.0 2.5
52324 52320 52316 52336  60.0 2.5
52320 52316 52336 52332 -60.0 2.5
52343 52354 52346 52348 -120.0 2.5
52378 52381 52383 52385  0.0 0.0
52477 52488 52480 52482 -120.0 2.5
52512 52515 52517 52519  0.0 0.0
52676 52687 52679 52681 -120.0 2.5
52711 52714 52716 52718  0.0 0.0
52807 52818 52810 52812 -120.0 2.5
52842 52845 52847 52849  0.0 0.0
53021 53032 53024 53026 -120.0 2.5
53056 53059 53061 53063  0.0 0.0
53368 53379 53371 53373 -120.0 2.5
53403 53406 53408 53410  0.0 0.0
53499 53510 53502 53504 -120.0 2.5
53534 53537 53539 53541  0.0 0.0
53689 53709 53705 53701  60.0 2.5
53709 53705 53701 53697 -60.0 2.5
53705 53701 53697 53693  60.0 2.5
53701 53697 53693 53689 -60.0 2.5
53697 53693 53689 53709  60.0 2.5
53693 53689 53709 53705 -60.0 2.5
53716 53727 53719 53721 -120.0 2.5
53751 53754 53756 53758  0.0 0.0
53850 53861 53853 53855 -120.0 2.5
53885 53888 53890 53892  0.0 0.0
54330 54336 54334 54339  120.0 2.5
54347 54358 54350 54352 -120.0 2.5
54382 54385 54387 54389  0.0 0.0
54472 54483 54475 54477 -120.0 2.5
54507 54510 54512 54514  0.0 0.0
54612 54623 54615 54617 -120.0 2.5
54647 54650 54652 54654  0.0 0.0
54796 54816 54812 54808  60.0 2.5
54816 54812 54808 54804 -60.0 2.5
54812 54808 54804 54800  60.0 2.5
54808 54804 54800 54796 -60.0 2.5
54804 54800 54796 54816  60.0 2.5
54800 54796 54816 54812 -60.0 2.5
54823 54834 54826 54828 -120.0 2.5
54858 54861 54863 54865  0.0 0.0
54948 54959 54951 54953 -120.0 2.5
54983 54986 54988 54990  0.0 0.0
55088 55099 55091 55093 -120.0 2.5
55123 55126 55128 55130  0.0 0.0
55509 55520 55512 55514 -120.0 2.5
55544 55547 55549 55551  0.0 0.0
55640 55651 55643 55645 -120.0 2.5
55675 55678 55680 55682  0.0 0.0
55756 55762 55760 55765  120.0 2.5
55773 55784 55776 55778 -120.0 2.5
55808 55811 55813 55815  0.0 0.0
55898 55909 55901 55903 -120.0 2.5
55933 55936 55938 55940  0.0 0.0
56038 56049 56041 56043 -120.0 2.5
56073 56076 56078 56080  0.0 0.0
56163 56174 56166 56168 -120.0 2.5
56198 56201 56203 56205  0.0 0.0
56377 56388 56380 56382 -120.0 2.5
56412 56415 56417 56419  0.0 0.0
56502 56513 56505 56507 -120.0 2.5
56537 56540 56542 56544  0.0 0.0
56633 56644 56636 56638 -120.0 2.5
56668 56671 56673 56675  0.0 0.0
56986 56997 56989 56991 -120.0 2.5
57021 57024 57026 57028  0.0 0.0
57117 57128 57120 57122 -120.0 2.5
57152 57155 57157 57159  0.0 0.0
57257 57268 57260 57262 -120.0 2.5
57292 57295 57297 57299  0.0 0.0
57367 57387 57383 57379  60.0 2.5
57387 57383 57379 57375 -60.0 2.5
57383 57379 57375 57371  60.0 2.5
57379 57375 57371 57367 -60.0 2.5
57375 57371 57367 57387  60.0 2.5
57371 57367 57387 57383 -60.0 2.5
57394 57405 57397 57399 -120.0 2.5
57429 57432 57434 57436  0.0 0.0
57504 57524 57520 57516  60.0 2.5
57524 57520 57516 57512 -60.0 2.5
57520 57516 57512 57508  60.0 2.5
57516 57512 57508 57504 -60.0 2.5
57512 57508 57504 57524  60.0 2.5
57508 57504 57524 57520 -60.0 2.5
57531 57542 57534 57536 -120.0 2.5
57566 57569 57571 57573  0.0 0.0
58042 58035 58040 58038  120.0 2.5
58046 58044 58042 58040 -120.0 2.5
58042 58046 58048 58050  180.0 0.0
58159 58170 58162 58164 -120.0 2.5
58194 58197 58199 58201  0.0 0.0
58299 58310 58302 58304 -120.0 2.5
58334 58337 58339 58341  0.0 0.0
58424 58435 58427 58429 -120.0 2.5
58459 58462 58464 58466  0.0 0.0
58555 58566 58558 58560 -120.0 2.5
58590 58593 58595 58597  0.0 0.0
58702 58695 58700 58698  120.0 2.5
58706 58704 58702 58700 -120.0 2.5
58702 58706 58708 58710  180.0 0.0
58952 58958 58956 58961  120.0 2.5
58969 58980 58972 58974 -120.0 2.5
59004 59007 59009 59011  0.0 0.0
59316 59327 59319 59321 -120.0 2.5
59351 59354 59356 59358  0.0 0.0
59595 59606 59598 59600 -120.0 2.5
59630 59633 59635 59637  0.0 0.0
59742 59735 59740 59738  120.0 2.5
59746 59744 59742 59740 -120.0 2.5
59742 59746 59748 59750  180.0 0.0
59868 59879 59871 59873 -120.0 2.5
59903 59906 59908 59910  0.0 0.0
60289 60300 60292 60294 -120.0 2.5
60324 60327 60329 60331  0.0 0.0
60405 60425 60421 60417  60.0 2.5
60425 60421 60417 60413 -60.0 2.5
60421 60417 60413 60409  60.0 2.5
60417 60413 60409 60405 -60.0 2.5
60413 60409 60405 60425  60.0 2.5
60409 60405 60425 60421 -60.0 2.5
60432 60443 60435 60437 -120.0 2.5
60467 60470 60472 60474  0.0 0.0
60705 60716 60708 60710 -120.0 2.5
60740 60743 60745 60747  0.0 0.0
60836 60847 60839 60841 -120.0 2.5
60871 60874 60876 60878  0.0 0.0
61115 61126 61118 61120 -120.0 2.5
61150 61153 61155 61157  0.0 0.0
61246 61257 61249 61251 -120.0 2.5
61281 61284 61286 61288  0.0 0.0
61608 61619 61611 61613 -120.0 2.5
61643 61646 61648 61650  0.0 0.0
61890 61901 61893 61895 -120.0 2.5
61925 61928 61930 61932  0.0 0.0
62098 62109 62101 62103 -120.0 2.5
62133 62136 62138 62140  0.0 0.0
62306 62317 62309 62311 -120.0 2.5
62341 62344 62346 62348  0.0 0.0
62431 62442 62434 62436 -120.0 2.5
62466 62469 62471 62473  0.0 0.0
62636 62647 62639 62641 -120.0 2.5
62671 62674 62676 62678  0.0 0.0
63146 63157 63149 63151 -120.0 2.5
63181 63184 63186 63188  0.0 0.0
63271 63282 63274 63276 -120.0 2.5
63306 63309 63311 63313  0.0 0.0
63559 63570 63562 63564 -120.0 2.5
63594 63597 63599 63601  0.0 0.0
63693 63704 63696 63698 -120.0 2.5
63728 63731 63733 63735  0.0 0.0
63901 63912 63904 63906 -120.0 2.5
63936 63939 63941 63943  0.0 0.0
64035 64046 64038 64040 -120.0 2.5
64070 64073 64075 64077  0.0 0.0
64391 64402 64394 64396 -120.0 2.5
64426 64429 64431 64433  0.0 0.0
64501 64521 64517 64513  60.0 2.5
64521 64517 64513 64509 -60.0 2.5
64517 64513 64509 64505  60.0 2.5
64513 64509 64505 64501 -60.0 2.5
64509 64505 64501 64521  60.0 2.5
64505 64501 64521 64517 -60.0 2.5
64528 64539 64531 64533 -120.0 2.5
64563 64566 64568 64570  0.0 0.0
64662 64673 64665 64667 -120.0 2.5
64697 64700 64702 64704  0.0 0.0
64994 65014 65010 65006  60.0 2.5
65014 65010 65006 65002 -60.0 2.5
65010 65006 65002 64998  60.0 2.5
65006 65002 64998 64994 -60.0 2.5
65002 64998 64994 65014  60.0 2.5
64998 64994 65014 65010 -60.0 2.5
65021 65032 65024 65026 -120.0 2.5
65056 65059 65061 65063  0.0 0.0
65146 65157 65149 65151 -120.0 2.5
65181 65184 65186 65188  0.0 0.0
65360 65371 65363 65365 -120.0 2.5
65395 65398 65400 65402  0.0 0.0
65494 65505 65497 65499 -120.0 2.5
65529 65532 65534 65536  0.0 0.0
65619 65630 65622 65624 -120.0 2.5
65654 65657 65659 65661  0.0 0.0
65759 65770 65762 65764 -120.0 2.5
65794 65797 65799 65801  0.0 0.0
66041 66052 66044 66046 -120.0 2.5
66076 66079 66081 66083  0.0 0.0
66166 66177 66169 66171 -120.0 2.5
66201 66204 66206 66208  0.0 0.0
66371 66382 66374 66376 -120.0 2.5
66406 66409 66411 66413  0.0 0.0
66511 66522 66514 66516 -120.0 2.5
66546 66549 66551 66553  0.0 0.0
66645 66656 66648 66650 -120.0 2.5
66680 66683 66685 66687  0.0 0.0
66770 66781 66773 66775 -120.0 2.5
66805 66808 66810 66812  0.0 0.0
66917 66910 66915 66913  120.0 2.5
66921 66919 66917 66915 -120.0 2.5
66917 66921 66923 66925  180.0 0.0
67265 67276 67268 67270 -120.0 2.5
67300 67303 67305 67307  0.0 0.0
67390 67401 67393 67395 -120.0 2.5
67425 67428 67430 67432  0.0 0.0
67530 67541 67533 67535 -120.0 2.5
67565 67568 67570 67572  0.0 0.0
67664 67675 67667 67669 -120.0 2.5
67699 67702 67704 67706  0.0 0.0
67879 67872 67877 67875  120.0 2.5
67883 67881 67879 67877 -120.0 2.5
67879 67883 67885 67887  180.0 0.0
67996 68007 67999 68001 -120.0 2.5
68031 68034 68036 68038  0.0 0.0
68136 68147 68139 68141 -120.0 2.5
68171 68174 68176 68178  0.0 0.0
68261 68272 68264 68266 -120.0 2.5
68296 68299 68301 68303  0.0 0.0
68466 68477 68469 68471 -120.0 2.5
68501 68504 68506 68508  0.0 0.0
68606 68617 68609 68611 -120.0 2.5
68641 68644 68646 68648  0.0 0.0
69249 69260 69252 69254 -120.0 2.5
69284 69287 69289 69291  0.0 0.0
69389 69400 69392 69394 -120.0 2.5
69424 69427 69429 69431  0.0 0.0
69810 69821 69813 69815 -120.0 2.5
69845 69848 69850 69852  0.0 0.0
69926 69946 69942 69938  60.0 2.5
69946 69942 69938 69934 -60.0 2.5
69942 69938 69934 69930  60.0 2.5
69938 69934 69930 69926 -60.0 2.5
69934 69930 69926 69946  60.0 2.5
69930 69926 69946 69942 -60.0 2.5
69953 69964 69956 69958 -120.0 2.5
69988 69991 69993 69995  0.0 0.0
70078 70089 70081 70083 -120.0 2.5
70113 70116 70118 70120  0.0 0.0
70218 70229 70221 70223 -120.0 2.5
70253 70256 70258 70260  0.0 0.0
70352 70363 70355 70357 -120.0 2.5
70387 70390 70392 70394  0.0 0.0
70715 70708 70713 70711  120.0 2.5
70719 70717 70715 70713 -120.0 2.5
70715 70719 70721 70723  180.0 0.0
70841 70852 70844 70846 -120.0 2.5
70876 70879 70881 70883  0.0 0.0
71197 71208 71200 71202 -120.0 2.5
71232 71235 71237 71239  0.0 0.0
71455 71475 71471 71467  60.0 2.5
71475 71471 71467 71463 -60.0 2.5
71471 71467 71463 71459  60.0 2.5
71467 71463 71459 71455 -60.0 2.5
71463 71459 71455 71475  60.0 2.5
71459 71455 71475 71471 -60.0 2.5
71482 71493 71485 71487 -120.0 2.5
71517 71520 71522 71524  0.0 0.0
71616 71627 71619 71621 -120.0 2.5
71651 71654 71656 71658  0.0 0.0
71741 71752 71744 71746 -120.0 2.5
71776 71779 71781 71783  0.0 0.0
72079 72085 72083 72088  120.0 2.5
72096 72107 72099 72101 -120.0 2.5
72131 72134 72136 72138  0.0 0.0
72295 72306 72298 72300 -120.0 2.5
72330 72333 72335 72337  0.0 0.0
72426 72437 72429 72431 -120.0 2.5
72461 72464 72466 72468  0.0 0.0
72986 72992 72990 72995  120.0 2.5
73003 73014 73006 73008 -120.0 2.5
73038 73041 73043 73045  0.0 0.0
73285 73296 73288 73290 -120.0 2.5
73320 73323 73325 73327  0.0 0.0
73410 73421 73413 73415 -120.0 2.5
73445 73448 73450 73452  0.0 0.0
73822 73828 73826 73831  120.0 2.5
73839 73850 73842 73844 -120.0 2.5
73874 73877 73879 73881  0.0 0.0
73949 73955 73953 73958  120.0 2.5
73966 73977 73969 73971 -120.0 2.5
74001 74004 74006 74008  0.0 0.0
74174 74185 74177 74179 -120.0 2.5
74209 74212 74214 74216  0.0 0.0
74299 74310 74302 74304 -120.0 2.5
74334 74337 74339 74341  0.0 0.0
74513 74524 74516 74518 -120.0 2.5
74548 74551 74553 74555  0.0 0.0
74647 74658 74650 74652 -120.0 2.5
74682 74685 74687 74689  0.0 0.0
