21459
21591
21726
21858
21993
22230
22365
22500
22632
22764
22896
23028
23163
23400
23532
23667
23799
23931
24066
24198
24330
24462
24597
24729
24861
24993
25125
25257
25389
25521
25653
25785
25917
26049
26181
26313
26445
26577
26709
26841
26973
27105
27237
27369
27501
27633
27765
27897
28029
28161
28293
28425
28560
28692
28824
28956
29088
29220
29355
29487
29619
29751
29883
30015
30147
30279
30411
30543
30675
30807
30939
31071
31203
31335
31467
31599
31731
31968
32100
32373
32505
32778
32910
33045
33177
33309
33441
33573
33705
33837
33969
34206
34341
34473
34608
34740
34872
35145
35277
35412
35685
35820
35955
36087
36219
36354
36486
36618
36750
36882
37014
37145
37227
37367
37484
37568
37702
37827
37958
38081
38155
38246
38370
38510
38635
38758
38832
38906
38997
39114
39188
39262
39336
39427
39544
39618
39692
39766
39840
39922
40045
40119
40193
40277
40394
40488
40613
40753
40878
41018
41152
41269
41343
41417
41491
41573
41704
41827
41918
42052
42168
42242
42316
42398
42521
42595
42686
42803
42885
43016
43139
43230
43347
43438
43563
43703
43836
43970
44087
44169
44292
44366
44440
44531
44658
44792
44909
44991
45122
45262
45379
45470
45587
45669
45792
45866
45957
46094
46211
46305
46439
46566
46700
46825
46948
47022
47104
47227
47301
47383
47514
47654
47771
47862
47978
48052
48126
48200
48274
48348
48422
48496
48570
48644
48718
48809
48943
49060
49142
49282
49399
49473
49564
49689
49832
49949
50023
50117
50242
50365
50439
50521
50644
50718
50809
50926
51000
51091
51224
51341
51432
51566
51683
51757
51831
51905
51987
52127
52244
52338
52472
52589
52671
52802
52925
53016
53133
53207
53281
53363
53494
53617
53711
53845
53962
54036
54110
54184
54258
54342
54467
54607
54724
54818
54943
55083
55200
55274
55348
55422
55504
55635
55768
55893
56033
56158
56281
56372
56497
56628
56751
56825
56899
56981
57112
57252
57389
57526
57643
57717
57791
57865
57939
58030
58154
58294
58419
58550
58690
58806
58880
58964
59081
59155
59229
59311
59434
59508
59590
59730
59863
59980
60054
60128
60202
60284
60427
60544
60618
60700
60831
60954
61028
61110
61241
61364
61438
61512
61603
61720
61794
61885
62002
62093
62210
62301
62426
62549
62631
62754
62828
62902
62976
63050
63141
63266
63389
63463
63554
63688
63805
63896
64030
64147
64221
64295
64386
64523
64657
64774
64848
64922
65016
65141
65264
65355
65489
65614
65754
65871
65945
66036
66161
66284
66366
66506
66640
66765
66905
67021
67095
67169
67260
67385
67525
67659
67776
67867
67991
68131
68256
68379
68461
68601
68718
68792
68866
68940
69014
69088
69162
69244
69384
69501
69575
69649
69723
69805
69948
70073
70213
70347
70464
70538
70612
70703
70836
70953
71027
71101
71192
71309
71383
71477
71611
71736
71859
71933
72007
72091
72208
72290
72421
72544
72618
72692
72766
72840
72914
72998
73115
73189
73280
73405
73528
73602
73676
73750
73834
73961
74078
74169
74294
74417
74508
74642
74759
