69702 69713 69705 69707 -120.0 2.5
69737 69740 69742 69744  0.0 0.0
69843 69836 69841 69839  120.0 2.5
69847 69845 69843 69841 -120.0 2.5
69843 69847 69849 69851  180.0 0.0
69963 69974 69966 69968 -120.0 2.5
69998 70001 70003 70005  0.0 0.0
70104 70097 70102 70100  120.0 2.5
70108 70106 70104 70102 -120.0 2.5
70104 70108 70110 70112  180.0 0.0
70231 70224 70229 70227  120.0 2.5
70235 70233 70231 70229 -120.0 2.5
70231 70235 70237 70239  180.0 0.0
70358 70351 70356 70354  120.0 2.5
70362 70360 70358 70356 -120.0 2.5
70358 70362 70364 70366  180.0 0.0
70478 70489 70481 70483 -120.0 2.5
70513 70516 70518 70520  0.0 0.0
70612 70623 70615 70617 -120.0 2.5
70647 70650 70652 70654  0.0 0.0
70746 70757 70749 70751 -120.0 2.5
70781 70784 70786 70788  0.0 0.0
70880 70891 70883 70885 -120.0 2.5
70915 70918 70920 70922  0.0 0.0
71014 71025 71017 71019 -120.0 2.5
71049 71052 71054 71056  0.0 0.0
71148 71159 71151 71153 -120.0 2.5
71183 71186 71188 71190  0.0 0.0
71282 71293 71285 71287 -120.0 2.5
71317 71320 71322 71324  0.0 0.0
71416 71427 71419 71421 -120.0 2.5
71451 71454 71456 71458  0.0 0.0
71557 71550 71555 71553  120.0 2.5
71561 71559 71557 71555 -120.0 2.5
71557 71561 71563 71565  180.0 0.0
71677 71688 71680 71682 -120.0 2.5
71712 71715 71717 71719  0.0 0.0
71811 71822 71814 71816 -120.0 2.5
71846 71849 71851 71853  0.0 0.0
71952 71945 71950 71948  120.0 2.5
71956 71954 71952 71950 -120.0 2.5
71952 71956 71958 71960  180.0 0.0
72079 72072 72077 72075  120.0 2.5
72083 72081 72079 72077 -120.0 2.5
72079 72083 72085 72087  180.0 0.0
72199 72210 72202 72204 -120.0 2.5
72234 72237 72239 72241  0.0 0.0
72340 72333 72338 72336  120.0 2.5
72344 72342 72340 72338 -120.0 2.5
72340 72344 72346 72348  180.0 0.0
72460 72471 72463 72465 -120.0 2.5
72495 72498 72500 72502  0.0 0.0
72601 72594 72599 72597  120.0 2.5
72605 72603 72601 72599 -120.0 2.5
72601 72605 72607 72609  180.0 0.0
72721 72732 72724 72726 -120.0 2.5
72756 72759 72761 72763  0.0 0.0
72862 72855 72860 72858  120.0 2.5
72866 72864 72862 72860 -120.0 2.5
72862 72866 72868 72870  180.0 0.0
72982 72993 72985 72987 -120.0 2.5
73017 73020 73022 73024  0.0 0.0
73123 73116 73121 73119  120.0 2.5
73127 73125 73123 73121 -120.0 2.5
73123 73127 73129 73131  180.0 0.0
73243 73254 73246 73248 -120.0 2.5
73278 73281 73283 73285  0.0 0.0
73377 73388 73380 73382 -120.0 2.5
73412 73415 73417 73419  0.0 0.0
73511 73522 73514 73516 -120.0 2.5
73546 73549 73551 73553  0.0 0.0
73652 73645 73650 73648  120.0 2.5
73656 73654 73652 73650 -120.0 2.5
73652 73656 73658 73660  180.0 0.0
73772 73783 73775 73777 -120.0 2.5
73807 73810 73812 73814  0.0 0.0
73906 73917 73909 73911 -120.0 2.5
73941 73944 73946 73948  0.0 0.0
74047 74040 74045 74043  120.0 2.5
74051 74049 74047 74045 -120.0 2.5
74047 74051 74053 74055  180.0 0.0
74174 74167 74172 74170  120.0 2.5
74178 74176 74174 74172 -120.0 2.5
74174 74178 74180 74182  180.0 0.0
74301 74294 74299 74297  120.0 2.5
74305 74303 74301 74299 -120.0 2.5
74301 74305 74307 74309  180.0 0.0
74428 74421 74426 74424  120.0 2.5
74432 74430 74428 74426 -120.0 2.5
74428 74432 74434 74436  180.0 0.0
74555 74548 74553 74551  120.0 2.5
74559 74557 74555 74553 -120.0 2.5
74555 74559 74561 74563  180.0 0.0
74675 74686 74678 74680 -120.0 2.5
74710 74713 74715 74717  0.0 0.0
74816 74809 74814 74812  120.0 2.5
74820 74818 74816 74814 -120.0 2.5
74816 74820 74822 74824  180.0 0.0
74936 74947 74939 74941 -120.0 2.5
74971 74974 74976 74978  0.0 0.0
75077 75070 75075 75073  120.0 2.5
75081 75079 75077 75075 -120.0 2.5
75077 75081 75083 75085  180.0 0.0
75204 75197 75202 75200  120.0 2.5
75208 75206 75204 75202 -120.0 2.5
75204 75208 75210 75212  180.0 0.0
75331 75324 75329 75327  120.0 2.5
75335 75333 75331 75329 -120.0 2.5
75331 75335 75337 75339  180.0 0.0
75458 75451 75456 75454  120.0 2.5
75462 75460 75458 75456 -120.0 2.5
75458 75462 75464 75466  180.0 0.0
75585 75578 75583 75581  120.0 2.5
75589 75587 75585 75583 -120.0 2.5
75585 75589 75591 75593  180.0 0.0
75705 75716 75708 75710 -120.0 2.5
75740 75743 75745 75747  0.0 0.0
75839 75850 75842 75844 -120.0 2.5
75874 75877 75879 75881  0.0 0.0
75980 75973 75978 75976  120.0 2.5
75984 75982 75980 75978 -120.0 2.5
75980 75984 75986 75988  180.0 0.0
76107 76100 76105 76103  120.0 2.5
76111 76109 76107 76105 -120.0 2.5
76107 76111 76113 76115  180.0 0.0
76227 76238 76230 76232 -120.0 2.5
76262 76265 76267 76269  0.0 0.0
76368 76361 76366 76364  120.0 2.5
76372 76370 76368 76366 -120.0 2.5
76368 76372 76374 76376  180.0 0.0
76495 76488 76493 76491  120.0 2.5
76499 76497 76495 76493 -120.0 2.5
76495 76499 76501 76503  180.0 0.0
76622 76615 76620 76618  120.0 2.5
76626 76624 76622 76620 -120.0 2.5
76622 76626 76628 76630  180.0 0.0
76749 76742 76747 76745  120.0 2.5
76753 76751 76749 76747 -120.0 2.5
76749 76753 76755 76757  180.0 0.0
76876 76869 76874 76872  120.0 2.5
76880 76878 76876 76874 -120.0 2.5
76876 76880 76882 76884  180.0 0.0
76996 77007 76999 77001 -120.0 2.5
77031 77034 77036 77038  0.0 0.0
77137 77130 77135 77133  120.0 2.5
77141 77139 77137 77135 -120.0 2.5
77137 77141 77143 77145  180.0 0.0
77264 77257 77262 77260  120.0 2.5
77268 77266 77264 77262 -120.0 2.5
77264 77268 77270 77272  180.0 0.0
77384 77395 77387 77389 -120.0 2.5
77419 77422 77424 77426  0.0 0.0
77525 77518 77523 77521  120.0 2.5
77529 77527 77525 77523 -120.0 2.5
77525 77529 77531 77533  180.0 0.0
77645 77656 77648 77650 -120.0 2.5
77680 77683 77685 77687  0.0 0.0
77779 77790 77782 77784 -120.0 2.5
77814 77817 77819 77821  0.0 0.0
77913 77924 77916 77918 -120.0 2.5
77948 77951 77953 77955  0.0 0.0
78047 78058 78050 78052 -120.0 2.5
78082 78085 78087 78089  0.0 0.0
78181 78192 78184 78186 -120.0 2.5
78216 78219 78221 78223  0.0 0.0
78322 78315 78320 78318  120.0 2.5
78326 78324 78322 78320 -120.0 2.5
78322 78326 78328 78330  180.0 0.0
78449 78442 78447 78445  120.0 2.5
78453 78451 78449 78447 -120.0 2.5
78449 78453 78455 78457  180.0 0.0
78576 78569 78574 78572  120.0 2.5
78580 78578 78576 78574 -120.0 2.5
78576 78580 78582 78584  180.0 0.0
78696 78707 78699 78701 -120.0 2.5
78731 78734 78736 78738  0.0 0.0
78837 78830 78835 78833  120.0 2.5
78841 78839 78837 78835 -120.0 2.5
78837 78841 78843 78845  180.0 0.0
78957 78968 78960 78962 -120.0 2.5
78992 78995 78997 78999  0.0 0.0
79098 79091 79096 79094  120.0 2.5
79102 79100 79098 79096 -120.0 2.5
79098 79102 79104 79106  180.0 0.0
79225 79218 79223 79221  120.0 2.5
79229 79227 79225 79223 -120.0 2.5
79225 79229 79231 79233  180.0 0.0
79345 79356 79348 79350 -120.0 2.5
79380 79383 79385 79387  0.0 0.0
79479 79490 79482 79484 -120.0 2.5
79514 79517 79519 79521  0.0 0.0
79613 79624 79616 79618 -120.0 2.5
79648 79651 79653 79655  0.0 0.0
79747 79758 79750 79752 -120.0 2.5
79782 79785 79787 79789  0.0 0.0
79888 79881 79886 79884  120.0 2.5
79892 79890 79888 79886 -120.0 2.5
79888 79892 79894 79896  180.0 0.0
80008 80019 80011 80013 -120.0 2.5
80043 80046 80048 80050  0.0 0.0
80142 80153 80145 80147 -120.0 2.5
80177 80180 80182 80184  0.0 0.0
80276 80287 80279 80281 -120.0 2.5
80311 80314 80316 80318  0.0 0.0
80410 80421 80413 80415 -120.0 2.5
80445 80448 80450 80452  0.0 0.0
80551 80544 80549 80547  120.0 2.5
80555 80553 80551 80549 -120.0 2.5
80551 80555 80557 80559  180.0 0.0
80678 80671 80676 80674  120.0 2.5
80682 80680 80678 80676 -120.0 2.5
80678 80682 80684 80686  180.0 0.0
80805 80798 80803 80801  120.0 2.5
80809 80807 80805 80803 -120.0 2.5
80805 80809 80811 80813  180.0 0.0
80932 80925 80930 80928  120.0 2.5
80936 80934 80932 80930 -120.0 2.5
80932 80936 80938 80940  180.0 0.0
81059 81052 81057 81055  120.0 2.5
81063 81061 81059 81057 -120.0 2.5
81059 81063 81065 81067  180.0 0.0
81186 81179 81184 81182  120.0 2.5
81190 81188 81186 81184 -120.0 2.5
81186 81190 81192 81194  180.0 0.0
81306 81317 81309 81311 -120.0 2.5
81341 81344 81346 81348  0.0 0.0
81447 81440 81445 81443  120.0 2.5
81451 81449 81447 81445 -120.0 2.5
81447 81451 81453 81455  180.0 0.0
81567 81578 81570 81572 -120.0 2.5
81602 81605 81607 81609  0.0 0.0
81708 81701 81706 81704  120.0 2.5
81712 81710 81708 81706 -120.0 2.5
81708 81712 81714 81716  180.0 0.0
81828 81839 81831 81833 -120.0 2.5
81863 81866 81868 81870  0.0 0.0
81962 81973 81965 81967 -120.0 2.5
81997 82000 82002 82004  0.0 0.0
82103 82096 82101 82099  120.0 2.5
82107 82105 82103 82101 -120.0 2.5
82103 82107 82109 82111  180.0 0.0
82230 82223 82228 82226  120.0 2.5
82234 82232 82230 82228 -120.0 2.5
82230 82234 82236 82238  180.0 0.0
82350 82361 82353 82355 -120.0 2.5
82385 82388 82390 82392  0.0 0.0
82491 82484 82489 82487  120.0 2.5
82495 82493 82491 82489 -120.0 2.5
82491 82495 82497 82499  180.0 0.0
82611 82622 82614 82616 -120.0 2.5
82646 82649 82651 82653  0.0 0.0
82745 82756 82748 82750 -120.0 2.5
82780 82783 82785 82787  0.0 0.0
82879 82890 82882 82884 -120.0 2.5
82914 82917 82919 82921  0.0 0.0
83013 83024 83016 83018 -120.0 2.5
83048 83051 83053 83055  0.0 0.0
83147 83158 83150 83152 -120.0 2.5
83182 83185 83187 83189  0.0 0.0
83281 83292 83284 83286 -120.0 2.5
83316 83319 83321 83323  0.0 0.0
83415 83426 83418 83420 -120.0 2.5
83450 83453 83455 83457  0.0 0.0
83556 83549 83554 83552  120.0 2.5
83560 83558 83556 83554 -120.0 2.5
83556 83560 83562 83564  180.0 0.0
83683 83676 83681 83679  120.0 2.5
83687 83685 83683 83681 -120.0 2.5
83683 83687 83689 83691  180.0 0.0
83803 83814 83806 83808 -120.0 2.5
83838 83841 83843 83845  0.0 0.0
83937 83948 83940 83942 -120.0 2.5
83972 83975 83977 83979  0.0 0.0
84071 84082 84074 84076 -120.0 2.5
84106 84109 84111 84113  0.0 0.0
84212 84205 84210 84208  120.0 2.5
84216 84214 84212 84210 -120.0 2.5
84212 84216 84218 84220  180.0 0.0
84332 84343 84335 84337 -120.0 2.5
84367 84370 84372 84374  0.0 0.0
84473 84466 84471 84469  120.0 2.5
84477 84475 84473 84471 -120.0 2.5
84473 84477 84479 84481  180.0 0.0
84593 84604 84596 84598 -120.0 2.5
84628 84631 84633 84635  0.0 0.0
84727 84738 84730 84732 -120.0 2.5
84762 84765 84767 84769  0.0 0.0
84861 84872 84864 84866 -120.0 2.5
84896 84899 84901 84903  0.0 0.0
85002 84995 85000 84998  120.0 2.5
85006 85004 85002 85000 -120.0 2.5
85002 85006 85008 85010  180.0 0.0
85122 85133 85125 85127 -120.0 2.5
85157 85160 85162 85164  0.0 0.0
85263 85256 85261 85259  120.0 2.5
85267 85265 85263 85261 -120.0 2.5
85263 85267 85269 85271  180.0 0.0
85390 85383 85388 85386  120.0 2.5
85394 85392 85390 85388 -120.0 2.5
85390 85394 85396 85398  180.0 0.0
85510 85521 85513 85515 -120.0 2.5
85545 85548 85550 85552  0.0 0.0
85644 85655 85647 85649 -120.0 2.5
85679 85682 85684 85686  0.0 0.0
85778 85789 85781 85783 -120.0 2.5
85813 85816 85818 85820  0.0 0.0
85912 85923 85915 85917 -120.0 2.5
85947 85950 85952 85954  0.0 0.0
86046 86057 86049 86051 -120.0 2.5
86081 86084 86086 86088  0.0 0.0
86180 86191 86183 86185 -120.0 2.5
86215 86218 86220 86222  0.0 0.0
86321 86314 86319 86317  120.0 2.5
86325 86323 86321 86319 -120.0 2.5
86321 86325 86327 86329  180.0 0.0
86441 86452 86444 86446 -120.0 2.5
86476 86479 86481 86483  0.0 0.0
86575 86586 86578 86580 -120.0 2.5
86610 86613 86615 86617  0.0 0.0
86709 86720 86712 86714 -120.0 2.5
86744 86747 86749 86751  0.0 0.0
86843 86854 86846 86848 -120.0 2.5
86878 86881 86883 86885  0.0 0.0
86984 86977 86982 86980  120.0 2.5
86988 86986 86984 86982 -120.0 2.5
86984 86988 86990 86992  180.0 0.0
87111 87104 87109 87107  120.0 2.5
87115 87113 87111 87109 -120.0 2.5
87111 87115 87117 87119  180.0 0.0
87238 87231 87236 87234  120.0 2.5
87242 87240 87238 87236 -120.0 2.5
87238 87242 87244 87246  180.0 0.0
87365 87358 87363 87361  120.0 2.5
87369 87367 87365 87363 -120.0 2.5
87365 87369 87371 87373  180.0 0.0
87492 87485 87490 87488  120.0 2.5
87496 87494 87492 87490 -120.0 2.5
87492 87496 87498 87500  180.0 0.0
87619 87612 87617 87615  120.0 2.5
87623 87621 87619 87617 -120.0 2.5
87619 87623 87625 87627  180.0 0.0
87746 87739 87744 87742  120.0 2.5
87750 87748 87746 87744 -120.0 2.5
87746 87750 87752 87754  180.0 0.0
87866 87877 87869 87871 -120.0 2.5
87901 87904 87906 87908  0.0 0.0
88000 88011 88003 88005 -120.0 2.5
88035 88038 88040 88042  0.0 0.0
88134 88145 88137 88139 -120.0 2.5
88169 88172 88174 88176  0.0 0.0
88268 88279 88271 88273 -120.0 2.5
88303 88306 88308 88310  0.0 0.0
88402 88413 88405 88407 -120.0 2.5
88437 88440 88442 88444  0.0 0.0
88536 88547 88539 88541 -120.0 2.5
88571 88574 88576 88578  0.0 0.0
88677 88670 88675 88673  120.0 2.5
88681 88679 88677 88675 -120.0 2.5
88677 88681 88683 88685  180.0 0.0
88804 88797 88802 88800  120.0 2.5
88808 88806 88804 88802 -120.0 2.5
88804 88808 88810 88812  180.0 0.0
88924 88935 88927 88929 -120.0 2.5
88959 88962 88964 88966  0.0 0.0
89058 89069 89061 89063 -120.0 2.5
89093 89096 89098 89100  0.0 0.0
89192 89203 89195 89197 -120.0 2.5
89227 89230 89232 89234  0.0 0.0
89326 89337 89329 89331 -120.0 2.5
89361 89364 89366 89368  0.0 0.0
89467 89460 89465 89463  120.0 2.5
89471 89469 89467 89465 -120.0 2.5
89467 89471 89473 89475  180.0 0.0
89594 89587 89592 89590  120.0 2.5
89598 89596 89594 89592 -120.0 2.5
89594 89598 89600 89602  180.0 0.0
89721 89714 89719 89717  120.0 2.5
89725 89723 89721 89719 -120.0 2.5
89721 89725 89727 89729  180.0 0.0
89841 89852 89844 89846 -120.0 2.5
89876 89879 89881 89883  0.0 0.0
89975 89986 89978 89980 -120.0 2.5
90010 90013 90015 90017  0.0 0.0
90116 90109 90114 90112  120.0 2.5
90120 90118 90116 90114 -120.0 2.5
90116 90120 90122 90124  180.0 0.0
90243 90236 90241 90239  120.0 2.5
90247 90245 90243 90241 -120.0 2.5
90243 90247 90249 90251  180.0 0.0
90370 90363 90368 90366  120.0 2.5
90374 90372 90370 90368 -120.0 2.5
90370 90374 90376 90378  180.0 0.0
90490 90501 90493 90495 -120.0 2.5
90525 90528 90530 90532  0.0 0.0
90631 90624 90629 90627  120.0 2.5
90635 90633 90631 90629 -120.0 2.5
90631 90635 90637 90639  180.0 0.0
90758 90751 90756 90754  120.0 2.5
90762 90760 90758 90756 -120.0 2.5
90758 90762 90764 90766  180.0 0.0
90878 90889 90881 90883 -120.0 2.5
90913 90916 90918 90920  0.0 0.0
91019 91012 91017 91015  120.0 2.5
91023 91021 91019 91017 -120.0 2.5
91019 91023 91025 91027  180.0 0.0
91146 91139 91144 91142  120.0 2.5
91150 91148 91146 91144 -120.0 2.5
91146 91150 91152 91154  180.0 0.0
91273 91266 91271 91269  120.0 2.5
91277 91275 91273 91271 -120.0 2.5
91273 91277 91279 91281  180.0 0.0
91393 91404 91396 91398 -120.0 2.5
91428 91431 91433 91435  0.0 0.0
91527 91538 91530 91532 -120.0 2.5
91562 91565 91567 91569  0.0 0.0
91668 91661 91666 91664  120.0 2.5
91672 91670 91668 91666 -120.0 2.5
91668 91672 91674 91676  180.0 0.0
91795 91788 91793 91791  120.0 2.5
91799 91797 91795 91793 -120.0 2.5
91795 91799 91801 91803  180.0 0.0
91915 91926 91918 91920 -120.0 2.5
91950 91953 91955 91957  0.0 0.0
92056 92049 92054 92052  120.0 2.5
92060 92058 92056 92054 -120.0 2.5
92056 92060 92062 92064  180.0 0.0
92176 92187 92179 92181 -120.0 2.5
92211 92214 92216 92218  0.0 0.0
92317 92310 92315 92313  120.0 2.5
92321 92319 92317 92315 -120.0 2.5
92317 92321 92323 92325  180.0 0.0
92437 92448 92440 92442 -120.0 2.5
92472 92475 92477 92479  0.0 0.0
92571 92582 92574 92576 -120.0 2.5
92606 92609 92611 92613  0.0 0.0
92712 92705 92710 92708  120.0 2.5
92716 92714 92712 92710 -120.0 2.5
92712 92716 92718 92720  180.0 0.0
92839 92832 92837 92835  120.0 2.5
92843 92841 92839 92837 -120.0 2.5
92839 92843 92845 92847  180.0 0.0
92966 92959 92964 92962  120.0 2.5
92970 92968 92966 92964 -120.0 2.5
92966 92970 92972 92974  180.0 0.0
93086 93097 93089 93091 -120.0 2.5
93121 93124 93126 93128  0.0 0.0
93227 93220 93225 93223  120.0 2.5
93231 93229 93227 93225 -120.0 2.5
93227 93231 93233 93235  180.0 0.0
93354 93347 93352 93350  120.0 2.5
93358 93356 93354 93352 -120.0 2.5
93354 93358 93360 93362  180.0 0.0
93481 93474 93479 93477  120.0 2.5
93485 93483 93481 93479 -120.0 2.5
93481 93485 93487 93489  180.0 0.0
93608 93601 93606 93604  120.0 2.5
93612 93610 93608 93606 -120.0 2.5
93608 93612 93614 93616  180.0 0.0
93735 93728 93733 93731  120.0 2.5
93739 93737 93735 93733 -120.0 2.5
93735 93739 93741 93743  180.0 0.0
93862 93855 93860 93858  120.0 2.5
93866 93864 93862 93860 -120.0 2.5
93862 93866 93868 93870  180.0 0.0
93989 93982 93987 93985  120.0 2.5
93993 93991 93989 93987 -120.0 2.5
93989 93993 93995 93997  180.0 0.0
94116 94109 94114 94112  120.0 2.5
94120 94118 94116 94114 -120.0 2.5
94116 94120 94122 94124  180.0 0.0
94236 94247 94239 94241 -120.0 2.5
94271 94274 94276 94278  0.0 0.0
94370 94381 94373 94375 -120.0 2.5
94405 94408 94410 94412  0.0 0.0
94504 94515 94507 94509 -120.0 2.5
94539 94542 94544 94546  0.0 0.0
94638 94649 94641 94643 -120.0 2.5
94673 94676 94678 94680  0.0 0.0
94779 94772 94777 94775  120.0 2.5
94783 94781 94779 94777 -120.0 2.5
94779 94783 94785 94787  180.0 0.0
94906 94899 94904 94902  120.0 2.5
94910 94908 94906 94904 -120.0 2.5
94906 94910 94912 94914  180.0 0.0
95026 95037 95029 95031 -120.0 2.5
95061 95064 95066 95068  0.0 0.0
95160 95171 95163 95165 -120.0 2.5
95195 95198 95200 95202  0.0 0.0
95301 95294 95299 95297  120.0 2.5
95305 95303 95301 95299 -120.0 2.5
95301 95305 95307 95309  180.0 0.0
95428 95421 95426 95424  120.0 2.5
95432 95430 95428 95426 -120.0 2.5
95428 95432 95434 95436  180.0 0.0
95555 95548 95553 95551  120.0 2.5
95559 95557 95555 95553 -120.0 2.5
95555 95559 95561 95563  180.0 0.0
95682 95675 95680 95678  120.0 2.5
95686 95684 95682 95680 -120.0 2.5
95682 95686 95688 95690  180.0 0.0
95802 95813 95805 95807 -120.0 2.5
95837 95840 95842 95844  0.0 0.0
95936 95947 95939 95941 -120.0 2.5
95971 95974 95976 95978  0.0 0.0
96070 96081 96073 96075 -120.0 2.5
96105 96108 96110 96112  0.0 0.0
96211 96204 96209 96207  120.0 2.5
96215 96213 96211 96209 -120.0 2.5
96211 96215 96217 96219  180.0 0.0
96331 96342 96334 96336 -120.0 2.5
96366 96369 96371 96373  0.0 0.0
96472 96465 96470 96468  120.0 2.5
96476 96474 96472 96470 -120.0 2.5
96472 96476 96478 96480  180.0 0.0
96599 96592 96597 96595  120.0 2.5
96603 96601 96599 96597 -120.0 2.5
96599 96603 96605 96607  180.0 0.0
96726 96719 96724 96722  120.0 2.5
96730 96728 96726 96724 -120.0 2.5
96726 96730 96732 96734  180.0 0.0
96846 96857 96849 96851 -120.0 2.5
96881 96884 96886 96888  0.0 0.0
96980 96991 96983 96985 -120.0 2.5
97015 97018 97020 97022  0.0 0.0
97121 97114 97119 97117  120.0 2.5
97125 97123 97121 97119 -120.0 2.5
97121 97125 97127 97129  180.0 0.0
97248 97241 97246 97244  120.0 2.5
97252 97250 97248 97246 -120.0 2.5
97248 97252 97254 97256  180.0 0.0
97368 97379 97371 97373 -120.0 2.5
97403 97406 97408 97410  0.0 0.0
97509 97502 97507 97505  120.0 2.5
97513 97511 97509 97507 -120.0 2.5
97509 97513 97515 97517  180.0 0.0
97629 97640 97632 97634 -120.0 2.5
97664 97667 97669 97671  0.0 0.0
97770 97763 97768 97766  120.0 2.5
97774 97772 97770 97768 -120.0 2.5
97770 97774 97776 97778  180.0 0.0
105808 105819 105811 105813 -120.0 2.5
105843 105846 105848 105850  0.0 0.0
105949 105942 105947 105945  120.0 2.5
105953 105951 105949 105947 -120.0 2.5
105949 105953 105955 105957  180.0 0.0
106076 106069 106074 106072  120.0 2.5
106080 106078 106076 106074 -120.0 2.5
106076 106080 106082 106084  180.0 0.0
106203 106196 106201 106199  120.0 2.5
106207 106205 106203 106201 -120.0 2.5
106203 106207 106209 106211  180.0 0.0
106323 106334 106326 106328 -120.0 2.5
106358 106361 106363 106365  0.0 0.0
106457 106468 106460 106462 -120.0 2.5
106492 106495 106497 106499  0.0 0.0
106591 106602 106594 106596 -120.0 2.5
106626 106629 106631 106633  0.0 0.0
106725 106736 106728 106730 -120.0 2.5
106760 106763 106765 106767  0.0 0.0
106859 106870 106862 106864 -120.0 2.5
106894 106897 106899 106901  0.0 0.0
107000 106993 106998 106996  120.0 2.5
107004 107002 107000 106998 -120.0 2.5
107000 107004 107006 107008  180.0 0.0
107127 107120 107125 107123  120.0 2.5
107131 107129 107127 107125 -120.0 2.5
107127 107131 107133 107135  180.0 0.0
107247 107258 107250 107252 -120.0 2.5
107282 107285 107287 107289  0.0 0.0
107381 107392 107384 107386 -120.0 2.5
107416 107419 107421 107423  0.0 0.0
107522 107515 107520 107518  120.0 2.5
107526 107524 107522 107520 -120.0 2.5
107522 107526 107528 107530  180.0 0.0
107642 107653 107645 107647 -120.0 2.5
107677 107680 107682 107684  0.0 0.0
107783 107776 107781 107779  120.0 2.5
107787 107785 107783 107781 -120.0 2.5
107783 107787 107789 107791  180.0 0.0
107910 107903 107908 107906  120.0 2.5
107914 107912 107910 107908 -120.0 2.5
107910 107914 107916 107918  180.0 0.0
108030 108041 108033 108035 -120.0 2.5
108065 108068 108070 108072  0.0 0.0
108171 108164 108169 108167  120.0 2.5
108175 108173 108171 108169 -120.0 2.5
108171 108175 108177 108179  180.0 0.0
108298 108291 108296 108294  120.0 2.5
108302 108300 108298 108296 -120.0 2.5
108298 108302 108304 108306  180.0 0.0
108425 108418 108423 108421  120.0 2.5
108429 108427 108425 108423 -120.0 2.5
108425 108429 108431 108433  180.0 0.0
108552 108545 108550 108548  120.0 2.5
108556 108554 108552 108550 -120.0 2.5
108552 108556 108558 108560  180.0 0.0
108679 108672 108677 108675  120.0 2.5
108683 108681 108679 108677 -120.0 2.5
108679 108683 108685 108687  180.0 0.0
108806 108799 108804 108802  120.0 2.5
108810 108808 108806 108804 -120.0 2.5
108806 108810 108812 108814  180.0 0.0
108926 108937 108929 108931 -120.0 2.5
108961 108964 108966 108968  0.0 0.0
109067 109060 109065 109063  120.0 2.5
109071 109069 109067 109065 -120.0 2.5
109067 109071 109073 109075  180.0 0.0
109194 109187 109192 109190  120.0 2.5
109198 109196 109194 109192 -120.0 2.5
109194 109198 109200 109202  180.0 0.0
109314 109325 109317 109319 -120.0 2.5
109349 109352 109354 109356  0.0 0.0
109448 109459 109451 109453 -120.0 2.5
109483 109486 109488 109490  0.0 0.0
109582 109593 109585 109587 -120.0 2.5
109617 109620 109622 109624  0.0 0.0
109716 109727 109719 109721 -120.0 2.5
109751 109754 109756 109758  0.0 0.0
109857 109850 109855 109853  120.0 2.5
109861 109859 109857 109855 -120.0 2.5
109857 109861 109863 109865  180.0 0.0
109977 109988 109980 109982 -120.0 2.5
110012 110015 110017 110019  0.0 0.0
110111 110122 110114 110116 -120.0 2.5
110146 110149 110151 110153  0.0 0.0
110245 110256 110248 110250 -120.0 2.5
110280 110283 110285 110287  0.0 0.0
110379 110390 110382 110384 -120.0 2.5
110414 110417 110419 110421  0.0 0.0
110520 110513 110518 110516  120.0 2.5
110524 110522 110520 110518 -120.0 2.5
110520 110524 110526 110528  180.0 0.0
110647 110640 110645 110643  120.0 2.5
110651 110649 110647 110645 -120.0 2.5
110647 110651 110653 110655  180.0 0.0
110767 110778 110770 110772 -120.0 2.5
110802 110805 110807 110809  0.0 0.0
110901 110912 110904 110906 -120.0 2.5
110936 110939 110941 110943  0.0 0.0
111042 111035 111040 111038  120.0 2.5
111046 111044 111042 111040 -120.0 2.5
111042 111046 111048 111050  180.0 0.0
111162 111173 111165 111167 -120.0 2.5
111197 111200 111202 111204  0.0 0.0
111303 111296 111301 111299  120.0 2.5
111307 111305 111303 111301 -120.0 2.5
111303 111307 111309 111311  180.0 0.0
111430 111423 111428 111426  120.0 2.5
111434 111432 111430 111428 -120.0 2.5
111430 111434 111436 111438  180.0 0.0
111550 111561 111553 111555 -120.0 2.5
111585 111588 111590 111592  0.0 0.0
111691 111684 111689 111687  120.0 2.5
111695 111693 111691 111689 -120.0 2.5
111691 111695 111697 111699  180.0 0.0
111818 111811 111816 111814  120.0 2.5
111822 111820 111818 111816 -120.0 2.5
111818 111822 111824 111826  180.0 0.0
111945 111938 111943 111941  120.0 2.5
111949 111947 111945 111943 -120.0 2.5
111945 111949 111951 111953  180.0 0.0
112065 112076 112068 112070 -120.0 2.5
112100 112103 112105 112107  0.0 0.0
112206 112199 112204 112202  120.0 2.5
112210 112208 112206 112204 -120.0 2.5
112206 112210 112212 112214  180.0 0.0
112333 112326 112331 112329  120.0 2.5
112337 112335 112333 112331 -120.0 2.5
112333 112337 112339 112341  180.0 0.0
112453 112464 112456 112458 -120.0 2.5
112488 112491 112493 112495  0.0 0.0
112587 112598 112590 112592 -120.0 2.5
112622 112625 112627 112629  0.0 0.0
112728 112721 112726 112724  120.0 2.5
112732 112730 112728 112726 -120.0 2.5
112728 112732 112734 112736  180.0 0.0
112855 112848 112853 112851  120.0 2.5
112859 112857 112855 112853 -120.0 2.5
112855 112859 112861 112863  180.0 0.0
112982 112975 112980 112978  120.0 2.5
112986 112984 112982 112980 -120.0 2.5
112982 112986 112988 112990  180.0 0.0
113109 113102 113107 113105  120.0 2.5
113113 113111 113109 113107 -120.0 2.5
113109 113113 113115 113117  180.0 0.0
113236 113229 113234 113232  120.0 2.5
113240 113238 113236 113234 -120.0 2.5
113236 113240 113242 113244  180.0 0.0
113356 113367 113359 113361 -120.0 2.5
113391 113394 113396 113398  0.0 0.0
113490 113501 113493 113495 -120.0 2.5
113525 113528 113530 113532  0.0 0.0
113631 113624 113629 113627  120.0 2.5
113635 113633 113631 113629 -120.0 2.5
113631 113635 113637 113639  180.0 0.0
113758 113751 113756 113754  120.0 2.5
113762 113760 113758 113756 -120.0 2.5
113758 113762 113764 113766  180.0 0.0
113885 113878 113883 113881  120.0 2.5
113889 113887 113885 113883 -120.0 2.5
113885 113889 113891 113893  180.0 0.0
114012 114005 114010 114008  120.0 2.5
114016 114014 114012 114010 -120.0 2.5
114012 114016 114018 114020  180.0 0.0
114132 114143 114135 114137 -120.0 2.5
114167 114170 114172 114174  0.0 0.0
114266 114277 114269 114271 -120.0 2.5
114301 114304 114306 114308  0.0 0.0
114400 114411 114403 114405 -120.0 2.5
114435 114438 114440 114442  0.0 0.0
114541 114534 114539 114537  120.0 2.5
114545 114543 114541 114539 -120.0 2.5
114541 114545 114547 114549  180.0 0.0
114668 114661 114666 114664  120.0 2.5
114672 114670 114668 114666 -120.0 2.5
114668 114672 114674 114676  180.0 0.0
114795 114788 114793 114791  120.0 2.5
114799 114797 114795 114793 -120.0 2.5
114795 114799 114801 114803  180.0 0.0
114915 114926 114918 114920 -120.0 2.5
114950 114953 114955 114957  0.0 0.0
115049 115060 115052 115054 -120.0 2.5
115084 115087 115089 115091  0.0 0.0
115183 115194 115186 115188 -120.0 2.5
115218 115221 115223 115225  0.0 0.0
115324 115317 115322 115320  120.0 2.5
115328 115326 115324 115322 -120.0 2.5
115324 115328 115330 115332  180.0 0.0
115444 115455 115447 115449 -120.0 2.5
115479 115482 115484 115486  0.0 0.0
115578 115589 115581 115583 -120.0 2.5
115613 115616 115618 115620  0.0 0.0
115712 115723 115715 115717 -120.0 2.5
115747 115750 115752 115754  0.0 0.0
115846 115857 115849 115851 -120.0 2.5
115881 115884 115886 115888  0.0 0.0
115987 115980 115985 115983  120.0 2.5
115991 115989 115987 115985 -120.0 2.5
115987 115991 115993 115995  180.0 0.0
116107 116118 116110 116112 -120.0 2.5
116142 116145 116147 116149  0.0 0.0
116241 116252 116244 116246 -120.0 2.5
116276 116279 116281 116283  0.0 0.0
116375 116386 116378 116380 -120.0 2.5
116410 116413 116415 116417  0.0 0.0
116509 116520 116512 116514 -120.0 2.5
116544 116547 116549 116551  0.0 0.0
116643 116654 116646 116648 -120.0 2.5
116678 116681 116683 116685  0.0 0.0
116784 116777 116782 116780  120.0 2.5
116788 116786 116784 116782 -120.0 2.5
116784 116788 116790 116792  180.0 0.0
116911 116904 116909 116907  120.0 2.5
116915 116913 116911 116909 -120.0 2.5
116911 116915 116917 116919  180.0 0.0
117031 117042 117034 117036 -120.0 2.5
117066 117069 117071 117073  0.0 0.0
117172 117165 117170 117168  120.0 2.5
117176 117174 117172 117170 -120.0 2.5
117172 117176 117178 117180  180.0 0.0
117292 117303 117295 117297 -120.0 2.5
117327 117330 117332 117334  0.0 0.0
117433 117426 117431 117429  120.0 2.5
117437 117435 117433 117431 -120.0 2.5
117433 117437 117439 117441  180.0 0.0
117553 117564 117556 117558 -120.0 2.5
117588 117591 117593 117595  0.0 0.0
117694 117687 117692 117690  120.0 2.5
117698 117696 117694 117692 -120.0 2.5
117694 117698 117700 117702  180.0 0.0
117814 117825 117817 117819 -120.0 2.5
117849 117852 117854 117856  0.0 0.0
117955 117948 117953 117951  120.0 2.5
117959 117957 117955 117953 -120.0 2.5
117955 117959 117961 117963  180.0 0.0
118082 118075 118080 118078  120.0 2.5
118086 118084 118082 118080 -120.0 2.5
118082 118086 118088 118090  180.0 0.0
118209 118202 118207 118205  120.0 2.5
118213 118211 118209 118207 -120.0 2.5
118209 118213 118215 118217  180.0 0.0
118336 118329 118334 118332  120.0 2.5
118340 118338 118336 118334 -120.0 2.5
118336 118340 118342 118344  180.0 0.0
118456 118467 118459 118461 -120.0 2.5
118491 118494 118496 118498  0.0 0.0
118597 118590 118595 118593  120.0 2.5
118601 118599 118597 118595 -120.0 2.5
118597 118601 118603 118605  180.0 0.0
118717 118728 118720 118722 -120.0 2.5
118752 118755 118757 118759  0.0 0.0
118858 118851 118856 118854  120.0 2.5
118862 118860 118858 118856 -120.0 2.5
118858 118862 118864 118866  180.0 0.0
118978 118989 118981 118983 -120.0 2.5
119013 119016 119018 119020  0.0 0.0
119119 119112 119117 119115  120.0 2.5
119123 119121 119119 119117 -120.0 2.5
119119 119123 119125 119127  180.0 0.0
119246 119239 119244 119242  120.0 2.5
119250 119248 119246 119244 -120.0 2.5
119246 119250 119252 119254  180.0 0.0
119373 119366 119371 119369  120.0 2.5
119377 119375 119373 119371 -120.0 2.5
119373 119377 119379 119381  180.0 0.0
119493 119504 119496 119498 -120.0 2.5
119528 119531 119533 119535  0.0 0.0
119627 119638 119630 119632 -120.0 2.5
119662 119665 119667 119669  0.0 0.0
119761 119772 119764 119766 -120.0 2.5
119796 119799 119801 119803  0.0 0.0
119895 119906 119898 119900 -120.0 2.5
119930 119933 119935 119937  0.0 0.0
120036 120029 120034 120032  120.0 2.5
120040 120038 120036 120034 -120.0 2.5
120036 120040 120042 120044  180.0 0.0
120156 120167 120159 120161 -120.0 2.5
120191 120194 120196 120198  0.0 0.0
120290 120301 120293 120295 -120.0 2.5
120325 120328 120330 120332  0.0 0.0
120431 120424 120429 120427  120.0 2.5
120435 120433 120431 120429 -120.0 2.5
120431 120435 120437 120439  180.0 0.0
120551 120562 120554 120556 -120.0 2.5
120586 120589 120591 120593  0.0 0.0
120692 120685 120690 120688  120.0 2.5
120696 120694 120692 120690 -120.0 2.5
120692 120696 120698 120700  180.0 0.0
120819 120812 120817 120815  120.0 2.5
120823 120821 120819 120817 -120.0 2.5
120819 120823 120825 120827  180.0 0.0
120946 120939 120944 120942  120.0 2.5
120950 120948 120946 120944 -120.0 2.5
120946 120950 120952 120954  180.0 0.0
121073 121066 121071 121069  120.0 2.5
121077 121075 121073 121071 -120.0 2.5
121073 121077 121079 121081  180.0 0.0
121200 121193 121198 121196  120.0 2.5
121204 121202 121200 121198 -120.0 2.5
121200 121204 121206 121208  180.0 0.0
121320 121331 121323 121325 -120.0 2.5
121355 121358 121360 121362  0.0 0.0
121454 121465 121457 121459 -120.0 2.5
121489 121492 121494 121496  0.0 0.0
121588 121599 121591 121593 -120.0 2.5
121623 121626 121628 121630  0.0 0.0
121722 121733 121725 121727 -120.0 2.5
121757 121760 121762 121764  0.0 0.0
121856 121867 121859 121861 -120.0 2.5
121891 121894 121896 121898  0.0 0.0
121997 121990 121995 121993  120.0 2.5
122001 121999 121997 121995 -120.0 2.5
121997 122001 122003 122005  180.0 0.0
122117 122128 122120 122122 -120.0 2.5
122152 122155 122157 122159  0.0 0.0
122258 122251 122256 122254  120.0 2.5
122262 122260 122258 122256 -120.0 2.5
122258 122262 122264 122266  180.0 0.0
122385 122378 122383 122381  120.0 2.5
122389 122387 122385 122383 -120.0 2.5
122385 122389 122391 122393  180.0 0.0
122505 122516 122508 122510 -120.0 2.5
122540 122543 122545 122547  0.0 0.0
122639 122650 122642 122644 -120.0 2.5
122674 122677 122679 122681  0.0 0.0
122780 122773 122778 122776  120.0 2.5
122784 122782 122780 122778 -120.0 2.5
122780 122784 122786 122788  180.0 0.0
122900 122911 122903 122905 -120.0 2.5
122935 122938 122940 122942  0.0 0.0
123034 123045 123037 123039 -120.0 2.5
123069 123072 123074 123076  0.0 0.0
123168 123179 123171 123173 -120.0 2.5
123203 123206 123208 123210  0.0 0.0
123302 123313 123305 123307 -120.0 2.5
123337 123340 123342 123344  0.0 0.0
123443 123436 123441 123439  120.0 2.5
123447 123445 123443 123441 -120.0 2.5
123443 123447 123449 123451  180.0 0.0
123563 123574 123566 123568 -120.0 2.5
123598 123601 123603 123605  0.0 0.0
123697 123708 123700 123702 -120.0 2.5
123732 123735 123737 123739  0.0 0.0
123838 123831 123836 123834  120.0 2.5
123842 123840 123838 123836 -120.0 2.5
123838 123842 123844 123846  180.0 0.0
123958 123969 123961 123963 -120.0 2.5
123993 123996 123998 124000  0.0 0.0
124092 124103 124095 124097 -120.0 2.5
124127 124130 124132 124134  0.0 0.0
124233 124226 124231 124229  120.0 2.5
124237 124235 124233 124231 -120.0 2.5
124233 124237 124239 124241  180.0 0.0
124360 124353 124358 124356  120.0 2.5
124364 124362 124360 124358 -120.0 2.5
124360 124364 124366 124368  180.0 0.0
124487 124480 124485 124483  120.0 2.5
124491 124489 124487 124485 -120.0 2.5
124487 124491 124493 124495  180.0 0.0
124607 124618 124610 124612 -120.0 2.5
124642 124645 124647 124649  0.0 0.0
124748 124741 124746 124744  120.0 2.5
124752 124750 124748 124746 -120.0 2.5
124748 124752 124754 124756  180.0 0.0
124868 124879 124871 124873 -120.0 2.5
124903 124906 124908 124910  0.0 0.0
125009 125002 125007 125005  120.0 2.5
125013 125011 125009 125007 -120.0 2.5
125009 125013 125015 125017  180.0 0.0
125129 125140 125132 125134 -120.0 2.5
125164 125167 125169 125171  0.0 0.0
125270 125263 125268 125266  120.0 2.5
125274 125272 125270 125268 -120.0 2.5
125270 125274 125276 125278  180.0 0.0
125397 125390 125395 125393  120.0 2.5
125401 125399 125397 125395 -120.0 2.5
125397 125401 125403 125405  180.0 0.0
125524 125517 125522 125520  120.0 2.5
125528 125526 125524 125522 -120.0 2.5
125524 125528 125530 125532  180.0 0.0
125644 125655 125647 125649 -120.0 2.5
125679 125682 125684 125686  0.0 0.0
125778 125789 125781 125783 -120.0 2.5
125813 125816 125818 125820  0.0 0.0
125912 125923 125915 125917 -120.0 2.5
125947 125950 125952 125954  0.0 0.0
126046 126057 126049 126051 -120.0 2.5
126081 126084 126086 126088  0.0 0.0
126187 126180 126185 126183  120.0 2.5
126191 126189 126187 126185 -120.0 2.5
126187 126191 126193 126195  180.0 0.0
126314 126307 126312 126310  120.0 2.5
126318 126316 126314 126312 -120.0 2.5
126314 126318 126320 126322  180.0 0.0
126441 126434 126439 126437  120.0 2.5
126445 126443 126441 126439 -120.0 2.5
126441 126445 126447 126449  180.0 0.0
126568 126561 126566 126564  120.0 2.5
126572 126570 126568 126566 -120.0 2.5
126568 126572 126574 126576  180.0 0.0
126695 126688 126693 126691  120.0 2.5
126699 126697 126695 126693 -120.0 2.5
126695 126699 126701 126703  180.0 0.0
126822 126815 126820 126818  120.0 2.5
126826 126824 126822 126820 -120.0 2.5
126822 126826 126828 126830  180.0 0.0
126942 126953 126945 126947 -120.0 2.5
126977 126980 126982 126984  0.0 0.0
127076 127087 127079 127081 -120.0 2.5
127111 127114 127116 127118  0.0 0.0
127210 127221 127213 127215 -120.0 2.5
127245 127248 127250 127252  0.0 0.0
127344 127355 127347 127349 -120.0 2.5
127379 127382 127384 127386  0.0 0.0
127485 127478 127483 127481  120.0 2.5
127489 127487 127485 127483 -120.0 2.5
127485 127489 127491 127493  180.0 0.0
127612 127605 127610 127608  120.0 2.5
127616 127614 127612 127610 -120.0 2.5
127612 127616 127618 127620  180.0 0.0
127739 127732 127737 127735  120.0 2.5
127743 127741 127739 127737 -120.0 2.5
127739 127743 127745 127747  180.0 0.0
127866 127859 127864 127862  120.0 2.5
127870 127868 127866 127864 -120.0 2.5
127866 127870 127872 127874  180.0 0.0
127993 127986 127991 127989  120.0 2.5
127997 127995 127993 127991 -120.0 2.5
127993 127997 127999 128001  180.0 0.0
128113 128124 128116 128118 -120.0 2.5
128148 128151 128153 128155  0.0 0.0
128247 128258 128250 128252 -120.0 2.5
128282 128285 128287 128289  0.0 0.0
128381 128392 128384 128386 -120.0 2.5
128416 128419 128421 128423  0.0 0.0
128522 128515 128520 128518  120.0 2.5
128526 128524 128522 128520 -120.0 2.5
128522 128526 128528 128530  180.0 0.0
128642 128653 128645 128647 -120.0 2.5
128677 128680 128682 128684  0.0 0.0
128776 128787 128779 128781 -120.0 2.5
128811 128814 128816 128818  0.0 0.0
128910 128921 128913 128915 -120.0 2.5
128945 128948 128950 128952  0.0 0.0
129051 129044 129049 129047  120.0 2.5
129055 129053 129051 129049 -120.0 2.5
129051 129055 129057 129059  180.0 0.0
129178 129171 129176 129174  120.0 2.5
129182 129180 129178 129176 -120.0 2.5
129178 129182 129184 129186  180.0 0.0
129298 129309 129301 129303 -120.0 2.5
129333 129336 129338 129340  0.0 0.0
129432 129443 129435 129437 -120.0 2.5
129467 129470 129472 129474  0.0 0.0
129573 129566 129571 129569  120.0 2.5
129577 129575 129573 129571 -120.0 2.5
129573 129577 129579 129581  180.0 0.0
129700 129693 129698 129696  120.0 2.5
129704 129702 129700 129698 -120.0 2.5
129700 129704 129706 129708  180.0 0.0
129820 129831 129823 129825 -120.0 2.5
129855 129858 129860 129862  0.0 0.0
129954 129965 129957 129959 -120.0 2.5
129989 129992 129994 129996  0.0 0.0
130095 130088 130093 130091  120.0 2.5
130099 130097 130095 130093 -120.0 2.5
130095 130099 130101 130103  180.0 0.0
130222 130215 130220 130218  120.0 2.5
130226 130224 130222 130220 -120.0 2.5
130222 130226 130228 130230  180.0 0.0
130349 130342 130347 130345  120.0 2.5
130353 130351 130349 130347 -120.0 2.5
130349 130353 130355 130357  180.0 0.0
130469 130480 130472 130474 -120.0 2.5
130504 130507 130509 130511  0.0 0.0
130603 130614 130606 130608 -120.0 2.5
130638 130641 130643 130645  0.0 0.0
130744 130737 130742 130740  120.0 2.5
130748 130746 130744 130742 -120.0 2.5
130744 130748 130750 130752  180.0 0.0
130871 130864 130869 130867  120.0 2.5
130875 130873 130871 130869 -120.0 2.5
130871 130875 130877 130879  180.0 0.0
130991 131002 130994 130996 -120.0 2.5
131026 131029 131031 131033  0.0 0.0
131125 131136 131128 131130 -120.0 2.5
131160 131163 131165 131167  0.0 0.0
131266 131259 131264 131262  120.0 2.5
131270 131268 131266 131264 -120.0 2.5
131266 131270 131272 131274  180.0 0.0
131386 131397 131389 131391 -120.0 2.5
131421 131424 131426 131428  0.0 0.0
131520 131531 131523 131525 -120.0 2.5
131555 131558 131560 131562  0.0 0.0
131661 131654 131659 131657  120.0 2.5
131665 131663 131661 131659 -120.0 2.5
131661 131665 131667 131669  180.0 0.0
131788 131781 131786 131784  120.0 2.5
131792 131790 131788 131786 -120.0 2.5
131788 131792 131794 131796  180.0 0.0
131908 131919 131911 131913 -120.0 2.5
131943 131946 131948 131950  0.0 0.0
132042 132053 132045 132047 -120.0 2.5
132077 132080 132082 132084  0.0 0.0
132183 132176 132181 132179  120.0 2.5
132187 132185 132183 132181 -120.0 2.5
132183 132187 132189 132191  180.0 0.0
132310 132303 132308 132306  120.0 2.5
132314 132312 132310 132308 -120.0 2.5
132310 132314 132316 132318  180.0 0.0
132437 132430 132435 132433  120.0 2.5
132441 132439 132437 132435 -120.0 2.5
132437 132441 132443 132445  180.0 0.0
132557 132568 132560 132562 -120.0 2.5
132592 132595 132597 132599  0.0 0.0
132698 132691 132696 132694  120.0 2.5
132702 132700 132698 132696 -120.0 2.5
132698 132702 132704 132706  180.0 0.0
132818 132829 132821 132823 -120.0 2.5
132853 132856 132858 132860  0.0 0.0
132952 132963 132955 132957 -120.0 2.5
132987 132990 132992 132994  0.0 0.0
133093 133086 133091 133089  120.0 2.5
133097 133095 133093 133091 -120.0 2.5
133093 133097 133099 133101  180.0 0.0
133213 133224 133216 133218 -120.0 2.5
133248 133251 133253 133255  0.0 0.0
133354 133347 133352 133350  120.0 2.5
133358 133356 133354 133352 -120.0 2.5
133354 133358 133360 133362  180.0 0.0
133481 133474 133479 133477  120.0 2.5
133485 133483 133481 133479 -120.0 2.5
133481 133485 133487 133489  180.0 0.0
133601 133612 133604 133606 -120.0 2.5
133636 133639 133641 133643  0.0 0.0
