61688
61762
61836
61910
61984
62058
62132
62206
62280
62354
62428
62502
62576
62650
62724
62798
62872
62946
63020
63094
63168
63242
63316
63390
63464
63538
63612
63686
63760
63834
63908
63982
64056
64130
64204
64278
64352
64426
64500
64574
64648
64722
64796
64870
64944
65018
65092
65166
65240
65314
65388
65462
65536
65610
65684
65758
65832
65906
65980
66054
66128
66202
66276
66350
66424
66498
66572
66646
66720
66794
66868
66942
67016
67090
67164
67238
67312
67386
67460
67534
67608
67682
67756
67830
67904
67978
68052
68126
68200
68274
68348
68422
68496
68570
68644
68718
68792
68866
68940
69014
69088
69162
69236
69310
69384
69458
69532
69606
69697
69831
69958
70092
70219
70346
70473
70607
70741
70875
71009
71143
71277
71411
71545
71672
71806
71940
72067
72194
72328
72455
72589
72716
72850
72977
73111
73238
73372
73506
73640
73767
73901
74035
74162
74289
74416
74543
74670
74804
74931
75065
75192
75319
75446
75573
75700
75834
75968
76095
76222
76356
76483
76610
76737
76864
76991
77125
77252
77379
77513
77640
77774
77908
78042
78176
78310
78437
78564
78691
78825
78952
79086
79213
79340
79474
79608
79742
79876
80003
80137
80271
80405
80539
80666
80793
80920
81047
81174
81301
81435
81562
81696
81823
81957
82091
82218
82345
82479
82606
82740
82874
83008
83142
83276
83410
83544
83671
83798
83932
84066
84200
84327
84461
84588
84722
84856
84990
85117
85251
85378
85505
85639
85773
85907
86041
86175
86309
86436
86570
86704
86838
86972
87099
87226
87353
87480
87607
87734
87861
87995
88129
88263
88397
88531
88665
88792
88919
89053
89187
89321
89455
89582
89709
89836
89970
90104
90231
90358
90485
90619
90746
90873
91007
91134
91261
91388
91522
91656
91783
91910
92044
92171
92305
92432
92566
92700
92827
92954
93081
93215
93342
93469
93596
93723
93850
93977
94104
94231
94365
94499
94633
94767
94894
95021
95155
95289
95416
95543
95670
95797
95931
96065
96199
96326
96460
96587
96714
96841
96975
97109
97236
97363
97497
97624
97758
97868
97942
98016
98090
98164
98238
98312
98386
98460
98534
98608
98682
98756
98830
98904
98978
99052
99126
99200
99274
99348
99422
99496
99570
99644
99718
99792
99866
99940
100014
100088
100162
100236
100310
100384
100458
100532
100606
100680
100754
100828
100902
100976
101050
101124
101198
101272
101346
101420
101494
101568
101642
101716
101790
101864
101938
102012
102086
102160
102234
102308
102382
102456
102530
102604
102678
102752
102826
102900
102974
103048
103122
103196
103270
103344
103418
103492
103566
103640
103714
103788
103862
103936
104010
104084
104158
104232
104306
104380
104454
104528
104602
104676
104750
104824
104898
104972
105046
105120
105194
105268
105342
105416
105490
105564
105638
105712
105803
105937
106064
106191
106318
106452
106586
106720
106854
106988
107115
107242
107376
107510
107637
107771
107898
108025
108159
108286
108413
108540
108667
108794
108921
109055
109182
109309
109443
109577
109711
109845
109972
110106
110240
110374
110508
110635
110762
110896
111030
111157
111291
111418
111545
111679
111806
111933
112060
112194
112321
112448
112582
112716
112843
112970
113097
113224
113351
113485
113619
113746
113873
114000
114127
114261
114395
114529
114656
114783
114910
115044
115178
115312
115439
115573
115707
115841
115975
116102
116236
116370
116504
116638
116772
116899
117026
117160
117287
117421
117548
117682
117809
117943
118070
118197
118324
118451
118585
118712
118846
118973
119107
119234
119361
119488
119622
119756
119890
120024
120151
120285
120419
120546
120680
120807
120934
121061
121188
121315
121449
121583
121717
121851
121985
122112
122246
122373
122500
122634
122768
122895
123029
123163
123297
123431
123558
123692
123826
123953
124087
124221
124348
124475
124602
124736
124863
124997
125124
125258
125385
125512
125639
125773
125907
126041
126175
126302
126429
126556
126683
126810
126937
127071
127205
127339
127473
127600
127727
127854
127981
128108
128242
128376
128510
128637
128771
128905
129039
129166
129293
129427
129561
129688
129815
129949
130083
130210
130337
130464
130598
130732
130859
130986
131120
131254
131381
131515
131649
131776
131903
132037
132171
132298
132425
132552
132686
132813
132947
133081
133208
133342
133469
133596
