29620 29631 29623 29625 -120.0 2.5
29655 29658 29660 29662  0.0 0.0
29761 29754 29759 29757  120.0 2.5
29765 29763 29761 29759 -120.0 2.5
29761 29765 29767 29769  180.0 0.0
29881 29892 29884 29886 -120.0 2.5
29916 29919 29921 29923  0.0 0.0
30022 30015 30020 30018  120.0 2.5
30026 30024 30022 30020 -120.0 2.5
30022 30026 30028 30030  180.0 0.0
30149 30142 30147 30145  120.0 2.5
30153 30151 30149 30147 -120.0 2.5
30149 30153 30155 30157  180.0 0.0
30269 30280 30272 30274 -120.0 2.5
30304 30307 30309 30311  0.0 0.0
30403 30414 30406 30408 -120.0 2.5
30438 30441 30443 30445  0.0 0.0
30544 30537 30542 30540  120.0 2.5
30548 30546 30544 30542 -120.0 2.5
30544 30548 30550 30552  180.0 0.0
30671 30664 30669 30667  120.0 2.5
30675 30673 30671 30669 -120.0 2.5
30671 30675 30677 30679  180.0 0.0
30798 30791 30796 30794  120.0 2.5
30802 30800 30798 30796 -120.0 2.5
30798 30802 30804 30806  180.0 0.0
30925 30918 30923 30921  120.0 2.5
30929 30927 30925 30923 -120.0 2.5
30925 30929 30931 30933  180.0 0.0
31052 31045 31050 31048  120.0 2.5
31056 31054 31052 31050 -120.0 2.5
31052 31056 31058 31060  180.0 0.0
31179 31172 31177 31175  120.0 2.5
31183 31181 31179 31177 -120.0 2.5
31179 31183 31185 31187  180.0 0.0
31306 31299 31304 31302  120.0 2.5
31310 31308 31306 31304 -120.0 2.5
31306 31310 31312 31314  180.0 0.0
31433 31426 31431 31429  120.0 2.5
31437 31435 31433 31431 -120.0 2.5
31433 31437 31439 31441  180.0 0.0
31560 31553 31558 31556  120.0 2.5
31564 31562 31560 31558 -120.0 2.5
31560 31564 31566 31568  180.0 0.0
31680 31691 31683 31685 -120.0 2.5
31715 31718 31720 31722  0.0 0.0
31814 31825 31817 31819 -120.0 2.5
31849 31852 31854 31856  0.0 0.0
31955 31948 31953 31951  120.0 2.5
31959 31957 31955 31953 -120.0 2.5
31955 31959 31961 31963  180.0 0.0
32075 32086 32078 32080 -120.0 2.5
32110 32113 32115 32117  0.0 0.0
32216 32209 32214 32212  120.0 2.5
32220 32218 32216 32214 -120.0 2.5
32216 32220 32222 32224  180.0 0.0
32343 32336 32341 32339  120.0 2.5
32347 32345 32343 32341 -120.0 2.5
32343 32347 32349 32351  180.0 0.0
32463 32474 32466 32468 -120.0 2.5
32498 32501 32503 32505  0.0 0.0
32604 32597 32602 32600  120.0 2.5
32608 32606 32604 32602 -120.0 2.5
32604 32608 32610 32612  180.0 0.0
32724 32735 32727 32729 -120.0 2.5
32759 32762 32764 32766  0.0 0.0
32858 32869 32861 32863 -120.0 2.5
32893 32896 32898 32900  0.0 0.0
32992 33003 32995 32997 -120.0 2.5
33027 33030 33032 33034  0.0 0.0
33133 33126 33131 33129  120.0 2.5
33137 33135 33133 33131 -120.0 2.5
33133 33137 33139 33141  180.0 0.0
33260 33253 33258 33256  120.0 2.5
33264 33262 33260 33258 -120.0 2.5
33260 33264 33266 33268  180.0 0.0
33380 33391 33383 33385 -120.0 2.5
33415 33418 33420 33422  0.0 0.0
33514 33525 33517 33519 -120.0 2.5
33549 33552 33554 33556  0.0 0.0
33655 33648 33653 33651  120.0 2.5
33659 33657 33655 33653 -120.0 2.5
33655 33659 33661 33663  180.0 0.0
33782 33775 33780 33778  120.0 2.5
33786 33784 33782 33780 -120.0 2.5
33782 33786 33788 33790  180.0 0.0
33909 33902 33907 33905  120.0 2.5
33913 33911 33909 33907 -120.0 2.5
33909 33913 33915 33917  180.0 0.0
34029 34040 34032 34034 -120.0 2.5
34064 34067 34069 34071  0.0 0.0
34170 34163 34168 34166  120.0 2.5
34174 34172 34170 34168 -120.0 2.5
34170 34174 34176 34178  180.0 0.0
34290 34301 34293 34295 -120.0 2.5
34325 34328 34330 34332  0.0 0.0
34431 34424 34429 34427  120.0 2.5
34435 34433 34431 34429 -120.0 2.5
34431 34435 34437 34439  180.0 0.0
34558 34551 34556 34554  120.0 2.5
34562 34560 34558 34556 -120.0 2.5
34558 34562 34564 34566  180.0 0.0
34678 34689 34681 34683 -120.0 2.5
34713 34716 34718 34720  0.0 0.0
34812 34823 34815 34817 -120.0 2.5
34847 34850 34852 34854  0.0 0.0
34946 34957 34949 34951 -120.0 2.5
34981 34984 34986 34988  0.0 0.0
35087 35080 35085 35083  120.0 2.5
35091 35089 35087 35085 -120.0 2.5
35087 35091 35093 35095  180.0 0.0
35207 35218 35210 35212 -120.0 2.5
35242 35245 35247 35249  0.0 0.0
35348 35341 35346 35344  120.0 2.5
35352 35350 35348 35346 -120.0 2.5
35348 35352 35354 35356  180.0 0.0
35468 35479 35471 35473 -120.0 2.5
35503 35506 35508 35510  0.0 0.0
35609 35602 35607 35605  120.0 2.5
35613 35611 35609 35607 -120.0 2.5
35609 35613 35615 35617  180.0 0.0
35736 35729 35734 35732  120.0 2.5
35740 35738 35736 35734 -120.0 2.5
35736 35740 35742 35744  180.0 0.0
35863 35856 35861 35859  120.0 2.5
35867 35865 35863 35861 -120.0 2.5
35863 35867 35869 35871  180.0 0.0
35990 35983 35988 35986  120.0 2.5
35994 35992 35990 35988 -120.0 2.5
35990 35994 35996 35998  180.0 0.0
36110 36121 36113 36115 -120.0 2.5
36145 36148 36150 36152  0.0 0.0
36244 36255 36247 36249 -120.0 2.5
36279 36282 36284 36286  0.0 0.0
36378 36389 36381 36383 -120.0 2.5
36413 36416 36418 36420  0.0 0.0
36512 36523 36515 36517 -120.0 2.5
36547 36550 36552 36554  0.0 0.0
36653 36646 36651 36649  120.0 2.5
36657 36655 36653 36651 -120.0 2.5
36653 36657 36659 36661  180.0 0.0
36773 36784 36776 36778 -120.0 2.5
36808 36811 36813 36815  0.0 0.0
36914 36907 36912 36910  120.0 2.5
36918 36916 36914 36912 -120.0 2.5
36914 36918 36920 36922  180.0 0.0
37041 37034 37039 37037  120.0 2.5
37045 37043 37041 37039 -120.0 2.5
37041 37045 37047 37049  180.0 0.0
37161 37172 37164 37166 -120.0 2.5
37196 37199 37201 37203  0.0 0.0
37302 37295 37300 37298  120.0 2.5
37306 37304 37302 37300 -120.0 2.5
37302 37306 37308 37310  180.0 0.0
37429 37422 37427 37425  120.0 2.5
37433 37431 37429 37427 -120.0 2.5
37429 37433 37435 37437  180.0 0.0
37549 37560 37552 37554 -120.0 2.5
37584 37587 37589 37591  0.0 0.0
37690 37683 37688 37686  120.0 2.5
37694 37692 37690 37688 -120.0 2.5
37690 37694 37696 37698  180.0 0.0
37810 37821 37813 37815 -120.0 2.5
37845 37848 37850 37852  0.0 0.0
37944 37955 37947 37949 -120.0 2.5
37979 37982 37984 37986  0.0 0.0
38078 38089 38081 38083 -120.0 2.5
38113 38116 38118 38120  0.0 0.0
38219 38212 38217 38215  120.0 2.5
38223 38221 38219 38217 -120.0 2.5
38219 38223 38225 38227  180.0 0.0
38339 38350 38342 38344 -120.0 2.5
38374 38377 38379 38381  0.0 0.0
38473 38484 38476 38478 -120.0 2.5
38508 38511 38513 38515  0.0 0.0
38614 38607 38612 38610  120.0 2.5
38618 38616 38614 38612 -120.0 2.5
38614 38618 38620 38622  180.0 0.0
38734 38745 38737 38739 -120.0 2.5
38769 38772 38774 38776  0.0 0.0
38868 38879 38871 38873 -120.0 2.5
38903 38906 38908 38910  0.0 0.0
39009 39002 39007 39005  120.0 2.5
39013 39011 39009 39007 -120.0 2.5
39009 39013 39015 39017  180.0 0.0
39129 39140 39132 39134 -120.0 2.5
39164 39167 39169 39171  0.0 0.0
39263 39274 39266 39268 -120.0 2.5
39298 39301 39303 39305  0.0 0.0
39404 39397 39402 39400  120.0 2.5
39408 39406 39404 39402 -120.0 2.5
39404 39408 39410 39412  180.0 0.0
39531 39524 39529 39527  120.0 2.5
39535 39533 39531 39529 -120.0 2.5
39531 39535 39537 39539  180.0 0.0
39651 39662 39654 39656 -120.0 2.5
39686 39689 39691 39693  0.0 0.0
39785 39796 39788 39790 -120.0 2.5
39820 39823 39825 39827  0.0 0.0
39919 39930 39922 39924 -120.0 2.5
39954 39957 39959 39961  0.0 0.0
40053 40064 40056 40058 -120.0 2.5
40088 40091 40093 40095  0.0 0.0
40187 40198 40190 40192 -120.0 2.5
40222 40225 40227 40229  0.0 0.0
40321 40332 40324 40326 -120.0 2.5
40356 40359 40361 40363  0.0 0.0
40455 40466 40458 40460 -120.0 2.5
40490 40493 40495 40497  0.0 0.0
40596 40589 40594 40592  120.0 2.5
40600 40598 40596 40594 -120.0 2.5
40596 40600 40602 40604  180.0 0.0
40716 40727 40719 40721 -120.0 2.5
40751 40754 40756 40758  0.0 0.0
40850 40861 40853 40855 -120.0 2.5
40885 40888 40890 40892  0.0 0.0
40984 40995 40987 40989 -120.0 2.5
41019 41022 41024 41026  0.0 0.0
41118 41129 41121 41123 -120.0 2.5
41153 41156 41158 41160  0.0 0.0
41252 41263 41255 41257 -120.0 2.5
41287 41290 41292 41294  0.0 0.0
41386 41397 41389 41391 -120.0 2.5
41421 41424 41426 41428  0.0 0.0
41520 41531 41523 41525 -120.0 2.5
41555 41558 41560 41562  0.0 0.0
41661 41654 41659 41657  120.0 2.5
41665 41663 41661 41659 -120.0 2.5
41661 41665 41667 41669  180.0 0.0
41781 41792 41784 41786 -120.0 2.5
41816 41819 41821 41823  0.0 0.0
41922 41915 41920 41918  120.0 2.5
41926 41924 41922 41920 -120.0 2.5
41922 41926 41928 41930  180.0 0.0
42049 42042 42047 42045  120.0 2.5
42053 42051 42049 42047 -120.0 2.5
42049 42053 42055 42057  180.0 0.0
42169 42180 42172 42174 -120.0 2.5
42204 42207 42209 42211  0.0 0.0
42310 42303 42308 42306  120.0 2.5
42314 42312 42310 42308 -120.0 2.5
42310 42314 42316 42318  180.0 0.0
42430 42441 42433 42435 -120.0 2.5
42465 42468 42470 42472  0.0 0.0
42564 42575 42567 42569 -120.0 2.5
42599 42602 42604 42606  0.0 0.0
42705 42698 42703 42701  120.0 2.5
42709 42707 42705 42703 -120.0 2.5
42705 42709 42711 42713  180.0 0.0
42825 42836 42828 42830 -120.0 2.5
42860 42863 42865 42867  0.0 0.0
42966 42959 42964 42962  120.0 2.5
42970 42968 42966 42964 -120.0 2.5
42966 42970 42972 42974  180.0 0.0
43093 43086 43091 43089  120.0 2.5
43097 43095 43093 43091 -120.0 2.5
43093 43097 43099 43101  180.0 0.0
43213 43224 43216 43218 -120.0 2.5
43248 43251 43253 43255  0.0 0.0
43347 43358 43350 43352 -120.0 2.5
43382 43385 43387 43389  0.0 0.0
43488 43481 43486 43484  120.0 2.5
43492 43490 43488 43486 -120.0 2.5
43488 43492 43494 43496  180.0 0.0
43615 43608 43613 43611  120.0 2.5
43619 43617 43615 43613 -120.0 2.5
43615 43619 43621 43623  180.0 0.0
43742 43735 43740 43738  120.0 2.5
43746 43744 43742 43740 -120.0 2.5
43742 43746 43748 43750  180.0 0.0
43862 43873 43865 43867 -120.0 2.5
43897 43900 43902 43904  0.0 0.0
44003 43996 44001 43999  120.0 2.5
44007 44005 44003 44001 -120.0 2.5
44003 44007 44009 44011  180.0 0.0
44123 44134 44126 44128 -120.0 2.5
44158 44161 44163 44165  0.0 0.0
44264 44257 44262 44260  120.0 2.5
44268 44266 44264 44262 -120.0 2.5
44264 44268 44270 44272  180.0 0.0
44384 44395 44387 44389 -120.0 2.5
44419 44422 44424 44426  0.0 0.0
44525 44518 44523 44521  120.0 2.5
44529 44527 44525 44523 -120.0 2.5
44525 44529 44531 44533  180.0 0.0
44645 44656 44648 44650 -120.0 2.5
44680 44683 44685 44687  0.0 0.0
44786 44779 44784 44782  120.0 2.5
44790 44788 44786 44784 -120.0 2.5
44786 44790 44792 44794  180.0 0.0
44913 44906 44911 44909  120.0 2.5
44917 44915 44913 44911 -120.0 2.5
44913 44917 44919 44921  180.0 0.0
45040 45033 45038 45036  120.0 2.5
45044 45042 45040 45038 -120.0 2.5
45040 45044 45046 45048  180.0 0.0
45167 45160 45165 45163  120.0 2.5
45171 45169 45167 45165 -120.0 2.5
45167 45171 45173 45175  180.0 0.0
45287 45298 45290 45292 -120.0 2.5
45322 45325 45327 45329  0.0 0.0
45428 45421 45426 45424  120.0 2.5
45432 45430 45428 45426 -120.0 2.5
45428 45432 45434 45436  180.0 0.0
45555 45548 45553 45551  120.0 2.5
45559 45557 45555 45553 -120.0 2.5
45555 45559 45561 45563  180.0 0.0
45675 45686 45678 45680 -120.0 2.5
45710 45713 45715 45717  0.0 0.0
45809 45820 45812 45814 -120.0 2.5
45844 45847 45849 45851  0.0 0.0
45943 45954 45946 45948 -120.0 2.5
45978 45981 45983 45985  0.0 0.0
46077 46088 46080 46082 -120.0 2.5
46112 46115 46117 46119  0.0 0.0
46211 46222 46214 46216 -120.0 2.5
46246 46249 46251 46253  0.0 0.0
46352 46345 46350 46348  120.0 2.5
46356 46354 46352 46350 -120.0 2.5
46352 46356 46358 46360  180.0 0.0
46479 46472 46477 46475  120.0 2.5
46483 46481 46479 46477 -120.0 2.5
46479 46483 46485 46487  180.0 0.0
46606 46599 46604 46602  120.0 2.5
46610 46608 46606 46604 -120.0 2.5
46606 46610 46612 46614  180.0 0.0
46726 46737 46729 46731 -120.0 2.5
46761 46764 46766 46768  0.0 0.0
46860 46871 46863 46865 -120.0 2.5
46895 46898 46900 46902  0.0 0.0
46994 47005 46997 46999 -120.0 2.5
47029 47032 47034 47036  0.0 0.0
47135 47128 47133 47131  120.0 2.5
47139 47137 47135 47133 -120.0 2.5
47135 47139 47141 47143  180.0 0.0
47255 47266 47258 47260 -120.0 2.5
47290 47293 47295 47297  0.0 0.0
47389 47400 47392 47394 -120.0 2.5
47424 47427 47429 47431  0.0 0.0
47523 47534 47526 47528 -120.0 2.5
47558 47561 47563 47565  0.0 0.0
47657 47668 47660 47662 -120.0 2.5
47692 47695 47697 47699  0.0 0.0
47798 47791 47796 47794  120.0 2.5
47802 47800 47798 47796 -120.0 2.5
47798 47802 47804 47806  180.0 0.0
47918 47929 47921 47923 -120.0 2.5
47953 47956 47958 47960  0.0 0.0
48059 48052 48057 48055  120.0 2.5
48063 48061 48059 48057 -120.0 2.5
48059 48063 48065 48067  180.0 0.0
48186 48179 48184 48182  120.0 2.5
48190 48188 48186 48184 -120.0 2.5
48186 48190 48192 48194  180.0 0.0
48306 48317 48309 48311 -120.0 2.5
48341 48344 48346 48348  0.0 0.0
48440 48451 48443 48445 -120.0 2.5
48475 48478 48480 48482  0.0 0.0
48581 48574 48579 48577  120.0 2.5
48585 48583 48581 48579 -120.0 2.5
48581 48585 48587 48589  180.0 0.0
48708 48701 48706 48704  120.0 2.5
48712 48710 48708 48706 -120.0 2.5
48708 48712 48714 48716  180.0 0.0
48828 48839 48831 48833 -120.0 2.5
48863 48866 48868 48870  0.0 0.0
48969 48962 48967 48965  120.0 2.5
48973 48971 48969 48967 -120.0 2.5
48969 48973 48975 48977  180.0 0.0
49096 49089 49094 49092  120.0 2.5
49100 49098 49096 49094 -120.0 2.5
49096 49100 49102 49104  180.0 0.0
49216 49227 49219 49221 -120.0 2.5
49251 49254 49256 49258  0.0 0.0
49357 49350 49355 49353  120.0 2.5
49361 49359 49357 49355 -120.0 2.5
49357 49361 49363 49365  180.0 0.0
49477 49488 49480 49482 -120.0 2.5
49512 49515 49517 49519  0.0 0.0
49618 49611 49616 49614  120.0 2.5
49622 49620 49618 49616 -120.0 2.5
49618 49622 49624 49626  180.0 0.0
49738 49749 49741 49743 -120.0 2.5
49773 49776 49778 49780  0.0 0.0
49879 49872 49877 49875  120.0 2.5
49883 49881 49879 49877 -120.0 2.5
49879 49883 49885 49887  180.0 0.0
50006 49999 50004 50002  120.0 2.5
50010 50008 50006 50004 -120.0 2.5
50006 50010 50012 50014  180.0 0.0
50126 50137 50129 50131 -120.0 2.5
50161 50164 50166 50168  0.0 0.0
50260 50271 50263 50265 -120.0 2.5
50295 50298 50300 50302  0.0 0.0
50394 50405 50397 50399 -120.0 2.5
50429 50432 50434 50436  0.0 0.0
50528 50539 50531 50533 -120.0 2.5
50563 50566 50568 50570  0.0 0.0
50662 50673 50665 50667 -120.0 2.5
50697 50700 50702 50704  0.0 0.0
50803 50796 50801 50799  120.0 2.5
50807 50805 50803 50801 -120.0 2.5
50803 50807 50809 50811  180.0 0.0
50930 50923 50928 50926  120.0 2.5
50934 50932 50930 50928 -120.0 2.5
50930 50934 50936 50938  180.0 0.0
51057 51050 51055 51053  120.0 2.5
51061 51059 51057 51055 -120.0 2.5
51057 51061 51063 51065  180.0 0.0
51184 51177 51182 51180  120.0 2.5
51188 51186 51184 51182 -120.0 2.5
51184 51188 51190 51192  180.0 0.0
51311 51304 51309 51307  120.0 2.5
51315 51313 51311 51309 -120.0 2.5
51311 51315 51317 51319  180.0 0.0
51438 51431 51436 51434  120.0 2.5
51442 51440 51438 51436 -120.0 2.5
51438 51442 51444 51446  180.0 0.0
51558 51569 51561 51563 -120.0 2.5
51593 51596 51598 51600  0.0 0.0
51692 51703 51695 51697 -120.0 2.5
51727 51730 51732 51734  0.0 0.0
51826 51837 51829 51831 -120.0 2.5
51861 51864 51866 51868  0.0 0.0
51967 51960 51965 51963  120.0 2.5
51971 51969 51967 51965 -120.0 2.5
51967 51971 51973 51975  180.0 0.0
52087 52098 52090 52092 -120.0 2.5
52122 52125 52127 52129  0.0 0.0
52221 52232 52224 52226 -120.0 2.5
52256 52259 52261 52263  0.0 0.0
52355 52366 52358 52360 -120.0 2.5
52390 52393 52395 52397  0.0 0.0
52496 52489 52494 52492  120.0 2.5
52500 52498 52496 52494 -120.0 2.5
52496 52500 52502 52504  180.0 0.0
52623 52616 52621 52619  120.0 2.5
52627 52625 52623 52621 -120.0 2.5
52623 52627 52629 52631  180.0 0.0
52750 52743 52748 52746  120.0 2.5
52754 52752 52750 52748 -120.0 2.5
52750 52754 52756 52758  180.0 0.0
52877 52870 52875 52873  120.0 2.5
52881 52879 52877 52875 -120.0 2.5
52877 52881 52883 52885  180.0 0.0
53004 52997 53002 53000  120.0 2.5
53008 53006 53004 53002 -120.0 2.5
53004 53008 53010 53012  180.0 0.0
53124 53135 53127 53129 -120.0 2.5
53159 53162 53164 53166  0.0 0.0
53265 53258 53263 53261  120.0 2.5
53269 53267 53265 53263 -120.0 2.5
53265 53269 53271 53273  180.0 0.0
53385 53396 53388 53390 -120.0 2.5
53420 53423 53425 53427  0.0 0.0
53526 53519 53524 53522  120.0 2.5
53530 53528 53526 53524 -120.0 2.5
53526 53530 53532 53534  180.0 0.0
53653 53646 53651 53649  120.0 2.5
53657 53655 53653 53651 -120.0 2.5
53653 53657 53659 53661  180.0 0.0
53780 53773 53778 53776  120.0 2.5
53784 53782 53780 53778 -120.0 2.5
53780 53784 53786 53788  180.0 0.0
53900 53911 53903 53905 -120.0 2.5
53935 53938 53940 53942  0.0 0.0
54034 54045 54037 54039 -120.0 2.5
54069 54072 54074 54076  0.0 0.0
54168 54179 54171 54173 -120.0 2.5
54203 54206 54208 54210  0.0 0.0
54309 54302 54307 54305  120.0 2.5
54313 54311 54309 54307 -120.0 2.5
54309 54313 54315 54317  180.0 0.0
54429 54440 54432 54434 -120.0 2.5
54464 54467 54469 54471  0.0 0.0
54570 54563 54568 54566  120.0 2.5
54574 54572 54570 54568 -120.0 2.5
54570 54574 54576 54578  180.0 0.0
54690 54701 54693 54695 -120.0 2.5
54725 54728 54730 54732  0.0 0.0
54831 54824 54829 54827  120.0 2.5
54835 54833 54831 54829 -120.0 2.5
54831 54835 54837 54839  180.0 0.0
54951 54962 54954 54956 -120.0 2.5
54986 54989 54991 54993  0.0 0.0
55092 55085 55090 55088  120.0 2.5
55096 55094 55092 55090 -120.0 2.5
55092 55096 55098 55100  180.0 0.0
55219 55212 55217 55215  120.0 2.5
55223 55221 55219 55217 -120.0 2.5
55219 55223 55225 55227  180.0 0.0
55346 55339 55344 55342  120.0 2.5
55350 55348 55346 55344 -120.0 2.5
55346 55350 55352 55354  180.0 0.0
55473 55466 55471 55469  120.0 2.5
55477 55475 55473 55471 -120.0 2.5
55473 55477 55479 55481  180.0 0.0
55600 55593 55598 55596  120.0 2.5
55604 55602 55600 55598 -120.0 2.5
55600 55604 55606 55608  180.0 0.0
55727 55720 55725 55723  120.0 2.5
55731 55729 55727 55725 -120.0 2.5
55727 55731 55733 55735  180.0 0.0
55854 55847 55852 55850  120.0 2.5
55858 55856 55854 55852 -120.0 2.5
55854 55858 55860 55862  180.0 0.0
55981 55974 55979 55977  120.0 2.5
55985 55983 55981 55979 -120.0 2.5
55981 55985 55987 55989  180.0 0.0
56108 56101 56106 56104  120.0 2.5
56112 56110 56108 56106 -120.0 2.5
56108 56112 56114 56116  180.0 0.0
56235 56228 56233 56231  120.0 2.5
56239 56237 56235 56233 -120.0 2.5
56235 56239 56241 56243  180.0 0.0
56355 56366 56358 56360 -120.0 2.5
56390 56393 56395 56397  0.0 0.0
56489 56500 56492 56494 -120.0 2.5
56524 56527 56529 56531  0.0 0.0
56623 56634 56626 56628 -120.0 2.5
56658 56661 56663 56665  0.0 0.0
56764 56757 56762 56760  120.0 2.5
56768 56766 56764 56762 -120.0 2.5
56764 56768 56770 56772  180.0 0.0
56891 56884 56889 56887  120.0 2.5
56895 56893 56891 56889 -120.0 2.5
56891 56895 56897 56899  180.0 0.0
57011 57022 57014 57016 -120.0 2.5
57046 57049 57051 57053  0.0 0.0
57145 57156 57148 57150 -120.0 2.5
57180 57183 57185 57187  0.0 0.0
57286 57279 57284 57282  120.0 2.5
57290 57288 57286 57284 -120.0 2.5
57286 57290 57292 57294  180.0 0.0
57406 57417 57409 57411 -120.0 2.5
57441 57444 57446 57448  0.0 0.0
57547 57540 57545 57543  120.0 2.5
57551 57549 57547 57545 -120.0 2.5
57547 57551 57553 57555  180.0 0.0
57667 57678 57670 57672 -120.0 2.5
57702 57705 57707 57709  0.0 0.0
57801 57812 57804 57806 -120.0 2.5
57836 57839 57841 57843  0.0 0.0
57935 57946 57938 57940 -120.0 2.5
57970 57973 57975 57977  0.0 0.0
58069 58080 58072 58074 -120.0 2.5
58104 58107 58109 58111  0.0 0.0
58210 58203 58208 58206  120.0 2.5
58214 58212 58210 58208 -120.0 2.5
58210 58214 58216 58218  180.0 0.0
66477 66470 66475 66473  120.0 2.5
66481 66479 66477 66475 -120.0 2.5
66477 66481 66483 66485  180.0 0.0
66604 66597 66602 66600  120.0 2.5
66608 66606 66604 66602 -120.0 2.5
66604 66608 66610 66612  180.0 0.0
66731 66724 66729 66727  120.0 2.5
66735 66733 66731 66729 -120.0 2.5
66731 66735 66737 66739  180.0 0.0
66858 66851 66856 66854  120.0 2.5
66862 66860 66858 66856 -120.0 2.5
66858 66862 66864 66866  180.0 0.0
66985 66978 66983 66981  120.0 2.5
66989 66987 66985 66983 -120.0 2.5
66985 66989 66991 66993  180.0 0.0
67105 67116 67108 67110 -120.0 2.5
67140 67143 67145 67147  0.0 0.0
67246 67239 67244 67242  120.0 2.5
67250 67248 67246 67244 -120.0 2.5
67246 67250 67252 67254  180.0 0.0
67373 67366 67371 67369  120.0 2.5
67377 67375 67373 67371 -120.0 2.5
67373 67377 67379 67381  180.0 0.0
67493 67504 67496 67498 -120.0 2.5
67528 67531 67533 67535  0.0 0.0
67627 67638 67630 67632 -120.0 2.5
67662 67665 67667 67669  0.0 0.0
67761 67772 67764 67766 -120.0 2.5
67796 67799 67801 67803  0.0 0.0
67902 67895 67900 67898  120.0 2.5
67906 67904 67902 67900 -120.0 2.5
67902 67906 67908 67910  180.0 0.0
68029 68022 68027 68025  120.0 2.5
68033 68031 68029 68027 -120.0 2.5
68029 68033 68035 68037  180.0 0.0
68156 68149 68154 68152  120.0 2.5
68160 68158 68156 68154 -120.0 2.5
68156 68160 68162 68164  180.0 0.0
68276 68287 68279 68281 -120.0 2.5
68311 68314 68316 68318  0.0 0.0
68410 68421 68413 68415 -120.0 2.5
68445 68448 68450 68452  0.0 0.0
68551 68544 68549 68547  120.0 2.5
68555 68553 68551 68549 -120.0 2.5
68551 68555 68557 68559  180.0 0.0
68671 68682 68674 68676 -120.0 2.5
68706 68709 68711 68713  0.0 0.0
68812 68805 68810 68808  120.0 2.5
68816 68814 68812 68810 -120.0 2.5
68812 68816 68818 68820  180.0 0.0
68939 68932 68937 68935  120.0 2.5
68943 68941 68939 68937 -120.0 2.5
68939 68943 68945 68947  180.0 0.0
69059 69070 69062 69064 -120.0 2.5
69094 69097 69099 69101  0.0 0.0
69200 69193 69198 69196  120.0 2.5
69204 69202 69200 69198 -120.0 2.5
69200 69204 69206 69208  180.0 0.0
69327 69320 69325 69323  120.0 2.5
69331 69329 69327 69325 -120.0 2.5
69327 69331 69333 69335  180.0 0.0
69447 69458 69450 69452 -120.0 2.5
69482 69485 69487 69489  0.0 0.0
69581 69592 69584 69586 -120.0 2.5
69616 69619 69621 69623  0.0 0.0
69722 69715 69720 69718  120.0 2.5
69726 69724 69722 69720 -120.0 2.5
69722 69726 69728 69730  180.0 0.0
69842 69853 69845 69847 -120.0 2.5
69877 69880 69882 69884  0.0 0.0
69976 69987 69979 69981 -120.0 2.5
70011 70014 70016 70018  0.0 0.0
70117 70110 70115 70113  120.0 2.5
70121 70119 70117 70115 -120.0 2.5
70117 70121 70123 70125  180.0 0.0
70237 70248 70240 70242 -120.0 2.5
70272 70275 70277 70279  0.0 0.0
70378 70371 70376 70374  120.0 2.5
70382 70380 70378 70376 -120.0 2.5
70378 70382 70384 70386  180.0 0.0
70505 70498 70503 70501  120.0 2.5
70509 70507 70505 70503 -120.0 2.5
70505 70509 70511 70513  180.0 0.0
70632 70625 70630 70628  120.0 2.5
70636 70634 70632 70630 -120.0 2.5
70632 70636 70638 70640  180.0 0.0
70759 70752 70757 70755  120.0 2.5
70763 70761 70759 70757 -120.0 2.5
70759 70763 70765 70767  180.0 0.0
70886 70879 70884 70882  120.0 2.5
70890 70888 70886 70884 -120.0 2.5
70886 70890 70892 70894  180.0 0.0
71013 71006 71011 71009  120.0 2.5
71017 71015 71013 71011 -120.0 2.5
71013 71017 71019 71021  180.0 0.0
71133 71144 71136 71138 -120.0 2.5
71168 71171 71173 71175  0.0 0.0
71274 71267 71272 71270  120.0 2.5
71278 71276 71274 71272 -120.0 2.5
71274 71278 71280 71282  180.0 0.0
71394 71405 71397 71399 -120.0 2.5
71429 71432 71434 71436  0.0 0.0
71535 71528 71533 71531  120.0 2.5
71539 71537 71535 71533 -120.0 2.5
71535 71539 71541 71543  180.0 0.0
71662 71655 71660 71658  120.0 2.5
71666 71664 71662 71660 -120.0 2.5
71662 71666 71668 71670  180.0 0.0
71782 71793 71785 71787 -120.0 2.5
71817 71820 71822 71824  0.0 0.0
71923 71916 71921 71919  120.0 2.5
71927 71925 71923 71921 -120.0 2.5
71923 71927 71929 71931  180.0 0.0
72043 72054 72046 72048 -120.0 2.5
72078 72081 72083 72085  0.0 0.0
72184 72177 72182 72180  120.0 2.5
72188 72186 72184 72182 -120.0 2.5
72184 72188 72190 72192  180.0 0.0
72304 72315 72307 72309 -120.0 2.5
72339 72342 72344 72346  0.0 0.0
72445 72438 72443 72441  120.0 2.5
72449 72447 72445 72443 -120.0 2.5
72445 72449 72451 72453  180.0 0.0
72572 72565 72570 72568  120.0 2.5
72576 72574 72572 72570 -120.0 2.5
72572 72576 72578 72580  180.0 0.0
72699 72692 72697 72695  120.0 2.5
72703 72701 72699 72697 -120.0 2.5
72699 72703 72705 72707  180.0 0.0
72826 72819 72824 72822  120.0 2.5
72830 72828 72826 72824 -120.0 2.5
72826 72830 72832 72834  180.0 0.0
72946 72957 72949 72951 -120.0 2.5
72981 72984 72986 72988  0.0 0.0
73087 73080 73085 73083  120.0 2.5
73091 73089 73087 73085 -120.0 2.5
73087 73091 73093 73095  180.0 0.0
73207 73218 73210 73212 -120.0 2.5
73242 73245 73247 73249  0.0 0.0
73348 73341 73346 73344  120.0 2.5
73352 73350 73348 73346 -120.0 2.5
73348 73352 73354 73356  180.0 0.0
73475 73468 73473 73471  120.0 2.5
73479 73477 73475 73473 -120.0 2.5
73475 73479 73481 73483  180.0 0.0
73595 73606 73598 73600 -120.0 2.5
73630 73633 73635 73637  0.0 0.0
73729 73740 73732 73734 -120.0 2.5
73764 73767 73769 73771  0.0 0.0
73870 73863 73868 73866  120.0 2.5
73874 73872 73870 73868 -120.0 2.5
73870 73874 73876 73878  180.0 0.0
73990 74001 73993 73995 -120.0 2.5
74025 74028 74030 74032  0.0 0.0
74124 74135 74127 74129 -120.0 2.5
74159 74162 74164 74166  0.0 0.0
74258 74269 74261 74263 -120.0 2.5
74293 74296 74298 74300  0.0 0.0
74399 74392 74397 74395  120.0 2.5
74403 74401 74399 74397 -120.0 2.5
74399 74403 74405 74407  180.0 0.0
74519 74530 74522 74524 -120.0 2.5
74554 74557 74559 74561  0.0 0.0
74653 74664 74656 74658 -120.0 2.5
74688 74691 74693 74695  0.0 0.0
74787 74798 74790 74792 -120.0 2.5
74822 74825 74827 74829  0.0 0.0
74928 74921 74926 74924  120.0 2.5
74932 74930 74928 74926 -120.0 2.5
74928 74932 74934 74936  180.0 0.0
75048 75059 75051 75053 -120.0 2.5
75083 75086 75088 75090  0.0 0.0
75189 75182 75187 75185  120.0 2.5
75193 75191 75189 75187 -120.0 2.5
75189 75193 75195 75197  180.0 0.0
75316 75309 75314 75312  120.0 2.5
75320 75318 75316 75314 -120.0 2.5
75316 75320 75322 75324  180.0 0.0
75443 75436 75441 75439  120.0 2.5
75447 75445 75443 75441 -120.0 2.5
75443 75447 75449 75451  180.0 0.0
75563 75574 75566 75568 -120.0 2.5
75598 75601 75603 75605  0.0 0.0
75697 75708 75700 75702 -120.0 2.5
75732 75735 75737 75739  0.0 0.0
75838 75831 75836 75834  120.0 2.5
75842 75840 75838 75836 -120.0 2.5
75838 75842 75844 75846  180.0 0.0
75958 75969 75961 75963 -120.0 2.5
75993 75996 75998 76000  0.0 0.0
76092 76103 76095 76097 -120.0 2.5
76127 76130 76132 76134  0.0 0.0
76233 76226 76231 76229  120.0 2.5
76237 76235 76233 76231 -120.0 2.5
76233 76237 76239 76241  180.0 0.0
76360 76353 76358 76356  120.0 2.5
76364 76362 76360 76358 -120.0 2.5
76360 76364 76366 76368  180.0 0.0
76487 76480 76485 76483  120.0 2.5
76491 76489 76487 76485 -120.0 2.5
76487 76491 76493 76495  180.0 0.0
76607 76618 76610 76612 -120.0 2.5
76642 76645 76647 76649  0.0 0.0
76748 76741 76746 76744  120.0 2.5
76752 76750 76748 76746 -120.0 2.5
76748 76752 76754 76756  180.0 0.0
76868 76879 76871 76873 -120.0 2.5
76903 76906 76908 76910  0.0 0.0
77009 77002 77007 77005  120.0 2.5
77013 77011 77009 77007 -120.0 2.5
77009 77013 77015 77017  180.0 0.0
77136 77129 77134 77132  120.0 2.5
77140 77138 77136 77134 -120.0 2.5
77136 77140 77142 77144  180.0 0.0
77256 77267 77259 77261 -120.0 2.5
77291 77294 77296 77298  0.0 0.0
77397 77390 77395 77393  120.0 2.5
77401 77399 77397 77395 -120.0 2.5
77397 77401 77403 77405  180.0 0.0
77517 77528 77520 77522 -120.0 2.5
77552 77555 77557 77559  0.0 0.0
77651 77662 77654 77656 -120.0 2.5
77686 77689 77691 77693  0.0 0.0
77792 77785 77790 77788  120.0 2.5
77796 77794 77792 77790 -120.0 2.5
77792 77796 77798 77800  180.0 0.0
77919 77912 77917 77915  120.0 2.5
77923 77921 77919 77917 -120.0 2.5
77919 77923 77925 77927  180.0 0.0
78046 78039 78044 78042  120.0 2.5
78050 78048 78046 78044 -120.0 2.5
78046 78050 78052 78054  180.0 0.0
78166 78177 78169 78171 -120.0 2.5
78201 78204 78206 78208  0.0 0.0
78307 78300 78305 78303  120.0 2.5
78311 78309 78307 78305 -120.0 2.5
78307 78311 78313 78315  180.0 0.0
78434 78427 78432 78430  120.0 2.5
78438 78436 78434 78432 -120.0 2.5
78434 78438 78440 78442  180.0 0.0
78554 78565 78557 78559 -120.0 2.5
78589 78592 78594 78596  0.0 0.0
78695 78688 78693 78691  120.0 2.5
78699 78697 78695 78693 -120.0 2.5
78695 78699 78701 78703  180.0 0.0
78822 78815 78820 78818  120.0 2.5
78826 78824 78822 78820 -120.0 2.5
78822 78826 78828 78830  180.0 0.0
78949 78942 78947 78945  120.0 2.5
78953 78951 78949 78947 -120.0 2.5
78949 78953 78955 78957  180.0 0.0
79076 79069 79074 79072  120.0 2.5
79080 79078 79076 79074 -120.0 2.5
79076 79080 79082 79084  180.0 0.0
79203 79196 79201 79199  120.0 2.5
79207 79205 79203 79201 -120.0 2.5
79203 79207 79209 79211  180.0 0.0
79323 79334 79326 79328 -120.0 2.5
79358 79361 79363 79365  0.0 0.0
79464 79457 79462 79460  120.0 2.5
79468 79466 79464 79462 -120.0 2.5
79464 79468 79470 79472  180.0 0.0
79584 79595 79587 79589 -120.0 2.5
79619 79622 79624 79626  0.0 0.0
79725 79718 79723 79721  120.0 2.5
79729 79727 79725 79723 -120.0 2.5
79725 79729 79731 79733  180.0 0.0
79852 79845 79850 79848  120.0 2.5
79856 79854 79852 79850 -120.0 2.5
79852 79856 79858 79860  180.0 0.0
79979 79972 79977 79975  120.0 2.5
79983 79981 79979 79977 -120.0 2.5
79979 79983 79985 79987  180.0 0.0
80099 80110 80102 80104 -120.0 2.5
80134 80137 80139 80141  0.0 0.0
80240 80233 80238 80236  120.0 2.5
80244 80242 80240 80238 -120.0 2.5
80240 80244 80246 80248  180.0 0.0
80360 80371 80363 80365 -120.0 2.5
80395 80398 80400 80402  0.0 0.0
80494 80505 80497 80499 -120.0 2.5
80529 80532 80534 80536  0.0 0.0
80628 80639 80631 80633 -120.0 2.5
80663 80666 80668 80670  0.0 0.0
80769 80762 80767 80765  120.0 2.5
80773 80771 80769 80767 -120.0 2.5
80769 80773 80775 80777  180.0 0.0
80896 80889 80894 80892  120.0 2.5
80900 80898 80896 80894 -120.0 2.5
80896 80900 80902 80904  180.0 0.0
81016 81027 81019 81021 -120.0 2.5
81051 81054 81056 81058  0.0 0.0
81150 81161 81153 81155 -120.0 2.5
81185 81188 81190 81192  0.0 0.0
81284 81295 81287 81289 -120.0 2.5
81319 81322 81324 81326  0.0 0.0
81418 81429 81421 81423 -120.0 2.5
81453 81456 81458 81460  0.0 0.0
81552 81563 81555 81557 -120.0 2.5
81587 81590 81592 81594  0.0 0.0
81686 81697 81689 81691 -120.0 2.5
81721 81724 81726 81728  0.0 0.0
81827 81820 81825 81823  120.0 2.5
81831 81829 81827 81825 -120.0 2.5
81827 81831 81833 81835  180.0 0.0
81954 81947 81952 81950  120.0 2.5
81958 81956 81954 81952 -120.0 2.5
81954 81958 81960 81962  180.0 0.0
82074 82085 82077 82079 -120.0 2.5
82109 82112 82114 82116  0.0 0.0
82215 82208 82213 82211  120.0 2.5
82219 82217 82215 82213 -120.0 2.5
82215 82219 82221 82223  180.0 0.0
82342 82335 82340 82338  120.0 2.5
82346 82344 82342 82340 -120.0 2.5
82342 82346 82348 82350  180.0 0.0
82462 82473 82465 82467 -120.0 2.5
82497 82500 82502 82504  0.0 0.0
82603 82596 82601 82599  120.0 2.5
82607 82605 82603 82601 -120.0 2.5
82603 82607 82609 82611  180.0 0.0
82730 82723 82728 82726  120.0 2.5
82734 82732 82730 82728 -120.0 2.5
82730 82734 82736 82738  180.0 0.0
82850 82861 82853 82855 -120.0 2.5
82885 82888 82890 82892  0.0 0.0
82991 82984 82989 82987  120.0 2.5
82995 82993 82991 82989 -120.0 2.5
82991 82995 82997 82999  180.0 0.0
83111 83122 83114 83116 -120.0 2.5
83146 83149 83151 83153  0.0 0.0
83252 83245 83250 83248  120.0 2.5
83256 83254 83252 83250 -120.0 2.5
83252 83256 83258 83260  180.0 0.0
83379 83372 83377 83375  120.0 2.5
83383 83381 83379 83377 -120.0 2.5
83379 83383 83385 83387  180.0 0.0
83506 83499 83504 83502  120.0 2.5
83510 83508 83506 83504 -120.0 2.5
83506 83510 83512 83514  180.0 0.0
83626 83637 83629 83631 -120.0 2.5
83661 83664 83666 83668  0.0 0.0
83760 83771 83763 83765 -120.0 2.5
83795 83798 83800 83802  0.0 0.0
83894 83905 83897 83899 -120.0 2.5
83929 83932 83934 83936  0.0 0.0
84035 84028 84033 84031  120.0 2.5
84039 84037 84035 84033 -120.0 2.5
84035 84039 84041 84043  180.0 0.0
84155 84166 84158 84160 -120.0 2.5
84190 84193 84195 84197  0.0 0.0
84289 84300 84292 84294 -120.0 2.5
84324 84327 84329 84331  0.0 0.0
84423 84434 84426 84428 -120.0 2.5
84458 84461 84463 84465  0.0 0.0
84557 84568 84560 84562 -120.0 2.5
84592 84595 84597 84599  0.0 0.0
84698 84691 84696 84694  120.0 2.5
84702 84700 84698 84696 -120.0 2.5
84698 84702 84704 84706  180.0 0.0
84825 84818 84823 84821  120.0 2.5
84829 84827 84825 84823 -120.0 2.5
84825 84829 84831 84833  180.0 0.0
84952 84945 84950 84948  120.0 2.5
84956 84954 84952 84950 -120.0 2.5
84952 84956 84958 84960  180.0 0.0
85072 85083 85075 85077 -120.0 2.5
85107 85110 85112 85114  0.0 0.0
85213 85206 85211 85209  120.0 2.5
85217 85215 85213 85211 -120.0 2.5
85213 85217 85219 85221  180.0 0.0
85340 85333 85338 85336  120.0 2.5
85344 85342 85340 85338 -120.0 2.5
85340 85344 85346 85348  180.0 0.0
85467 85460 85465 85463  120.0 2.5
85471 85469 85467 85465 -120.0 2.5
85467 85471 85473 85475  180.0 0.0
85587 85598 85590 85592 -120.0 2.5
85622 85625 85627 85629  0.0 0.0
85721 85732 85724 85726 -120.0 2.5
85756 85759 85761 85763  0.0 0.0
85855 85866 85858 85860 -120.0 2.5
85890 85893 85895 85897  0.0 0.0
85996 85989 85994 85992  120.0 2.5
86000 85998 85996 85994 -120.0 2.5
85996 86000 86002 86004  180.0 0.0
86116 86127 86119 86121 -120.0 2.5
86151 86154 86156 86158  0.0 0.0
86257 86250 86255 86253  120.0 2.5
86261 86259 86257 86255 -120.0 2.5
86257 86261 86263 86265  180.0 0.0
86384 86377 86382 86380  120.0 2.5
86388 86386 86384 86382 -120.0 2.5
86384 86388 86390 86392  180.0 0.0
86511 86504 86509 86507  120.0 2.5
86515 86513 86511 86509 -120.0 2.5
86511 86515 86517 86519  180.0 0.0
86631 86642 86634 86636 -120.0 2.5
86666 86669 86671 86673  0.0 0.0
86772 86765 86770 86768  120.0 2.5
86776 86774 86772 86770 -120.0 2.5
86772 86776 86778 86780  180.0 0.0
86892 86903 86895 86897 -120.0 2.5
86927 86930 86932 86934  0.0 0.0
87033 87026 87031 87029  120.0 2.5
87037 87035 87033 87031 -120.0 2.5
87033 87037 87039 87041  180.0 0.0
87160 87153 87158 87156  120.0 2.5
87164 87162 87160 87158 -120.0 2.5
87160 87164 87166 87168  180.0 0.0
87280 87291 87283 87285 -120.0 2.5
87315 87318 87320 87322  0.0 0.0
87421 87414 87419 87417  120.0 2.5
87425 87423 87421 87419 -120.0 2.5
87421 87425 87427 87429  180.0 0.0
87548 87541 87546 87544  120.0 2.5
87552 87550 87548 87546 -120.0 2.5
87548 87552 87554 87556  180.0 0.0
87675 87668 87673 87671  120.0 2.5
87679 87677 87675 87673 -120.0 2.5
87675 87679 87681 87683  180.0 0.0
87802 87795 87800 87798  120.0 2.5
87806 87804 87802 87800 -120.0 2.5
87802 87806 87808 87810  180.0 0.0
87922 87933 87925 87927 -120.0 2.5
87957 87960 87962 87964  0.0 0.0
88063 88056 88061 88059  120.0 2.5
88067 88065 88063 88061 -120.0 2.5
88063 88067 88069 88071  180.0 0.0
88183 88194 88186 88188 -120.0 2.5
88218 88221 88223 88225  0.0 0.0
88317 88328 88320 88322 -120.0 2.5
88352 88355 88357 88359  0.0 0.0
88451 88462 88454 88456 -120.0 2.5
88486 88489 88491 88493  0.0 0.0
88585 88596 88588 88590 -120.0 2.5
88620 88623 88625 88627  0.0 0.0
88719 88730 88722 88724 -120.0 2.5
88754 88757 88759 88761  0.0 0.0
88853 88864 88856 88858 -120.0 2.5
88888 88891 88893 88895  0.0 0.0
88987 88998 88990 88992 -120.0 2.5
89022 89025 89027 89029  0.0 0.0
89121 89132 89124 89126 -120.0 2.5
89156 89159 89161 89163  0.0 0.0
89255 89266 89258 89260 -120.0 2.5
89290 89293 89295 89297  0.0 0.0
89389 89400 89392 89394 -120.0 2.5
89424 89427 89429 89431  0.0 0.0
89530 89523 89528 89526  120.0 2.5
89534 89532 89530 89528 -120.0 2.5
89530 89534 89536 89538  180.0 0.0
89650 89661 89653 89655 -120.0 2.5
89685 89688 89690 89692  0.0 0.0
89784 89795 89787 89789 -120.0 2.5
89819 89822 89824 89826  0.0 0.0
89925 89918 89923 89921  120.0 2.5
89929 89927 89925 89923 -120.0 2.5
89925 89929 89931 89933  180.0 0.0
90052 90045 90050 90048  120.0 2.5
90056 90054 90052 90050 -120.0 2.5
90052 90056 90058 90060  180.0 0.0
90172 90183 90175 90177 -120.0 2.5
90207 90210 90212 90214  0.0 0.0
90306 90317 90309 90311 -120.0 2.5
90341 90344 90346 90348  0.0 0.0
90440 90451 90443 90445 -120.0 2.5
90475 90478 90480 90482  0.0 0.0
90574 90585 90577 90579 -120.0 2.5
90609 90612 90614 90616  0.0 0.0
90708 90719 90711 90713 -120.0 2.5
90743 90746 90748 90750  0.0 0.0
90842 90853 90845 90847 -120.0 2.5
90877 90880 90882 90884  0.0 0.0
90976 90987 90979 90981 -120.0 2.5
91011 91014 91016 91018  0.0 0.0
91117 91110 91115 91113  120.0 2.5
91121 91119 91117 91115 -120.0 2.5
91117 91121 91123 91125  180.0 0.0
91237 91248 91240 91242 -120.0 2.5
91272 91275 91277 91279  0.0 0.0
91371 91382 91374 91376 -120.0 2.5
91406 91409 91411 91413  0.0 0.0
91512 91505 91510 91508  120.0 2.5
91516 91514 91512 91510 -120.0 2.5
91512 91516 91518 91520  180.0 0.0
91639 91632 91637 91635  120.0 2.5
91643 91641 91639 91637 -120.0 2.5
91639 91643 91645 91647  180.0 0.0
91759 91770 91762 91764 -120.0 2.5
91794 91797 91799 91801  0.0 0.0
91893 91904 91896 91898 -120.0 2.5
91928 91931 91933 91935  0.0 0.0
92027 92038 92030 92032 -120.0 2.5
92062 92065 92067 92069  0.0 0.0
92161 92172 92164 92166 -120.0 2.5
92196 92199 92201 92203  0.0 0.0
92302 92295 92300 92298  120.0 2.5
92306 92304 92302 92300 -120.0 2.5
92302 92306 92308 92310  180.0 0.0
92422 92433 92425 92427 -120.0 2.5
92457 92460 92462 92464  0.0 0.0
92563 92556 92561 92559  120.0 2.5
92567 92565 92563 92561 -120.0 2.5
92563 92567 92569 92571  180.0 0.0
92690 92683 92688 92686  120.0 2.5
92694 92692 92690 92688 -120.0 2.5
92690 92694 92696 92698  180.0 0.0
92810 92821 92813 92815 -120.0 2.5
92845 92848 92850 92852  0.0 0.0
92944 92955 92947 92949 -120.0 2.5
92979 92982 92984 92986  0.0 0.0
93078 93089 93081 93083 -120.0 2.5
93113 93116 93118 93120  0.0 0.0
93219 93212 93217 93215  120.0 2.5
93223 93221 93219 93217 -120.0 2.5
93219 93223 93225 93227  180.0 0.0
93346 93339 93344 93342  120.0 2.5
93350 93348 93346 93344 -120.0 2.5
93346 93350 93352 93354  180.0 0.0
93466 93477 93469 93471 -120.0 2.5
93501 93504 93506 93508  0.0 0.0
93607 93600 93605 93603  120.0 2.5
93611 93609 93607 93605 -120.0 2.5
93607 93611 93613 93615  180.0 0.0
93734 93727 93732 93730  120.0 2.5
93738 93736 93734 93732 -120.0 2.5
93734 93738 93740 93742  180.0 0.0
93861 93854 93859 93857  120.0 2.5
93865 93863 93861 93859 -120.0 2.5
93861 93865 93867 93869  180.0 0.0
93981 93992 93984 93986 -120.0 2.5
94016 94019 94021 94023  0.0 0.0
94115 94126 94118 94120 -120.0 2.5
94150 94153 94155 94157  0.0 0.0
94249 94260 94252 94254 -120.0 2.5
94284 94287 94289 94291  0.0 0.0
94383 94394 94386 94388 -120.0 2.5
94418 94421 94423 94425  0.0 0.0
94517 94528 94520 94522 -120.0 2.5
94552 94555 94557 94559  0.0 0.0
94651 94662 94654 94656 -120.0 2.5
94686 94689 94691 94693  0.0 0.0
94785 94796 94788 94790 -120.0 2.5
94820 94823 94825 94827  0.0 0.0
94926 94919 94924 94922  120.0 2.5
94930 94928 94926 94924 -120.0 2.5
94926 94930 94932 94934  180.0 0.0
95046 95057 95049 95051 -120.0 2.5
95081 95084 95086 95088  0.0 0.0
