21458
21532
21606
21680
21754
21828
21902
21976
22050
22124
22198
22272
22346
22420
22494
22568
22642
22716
22790
22864
22938
23012
23086
23160
23234
23308
23382
23456
23530
23604
23678
23752
23826
23900
23974
24048
24122
24196
24270
24344
24418
24492
24566
24640
24714
24788
24862
24936
25010
25084
25158
25232
25306
25380
25454
25528
25602
25676
25750
25824
25898
25972
26046
26120
26194
26268
26342
26416
26490
26564
26638
26712
26786
26860
26934
27008
27082
27156
27230
27304
27378
27452
27526
27600
27674
27748
27822
27896
27970
28044
28118
28192
28266
28340
28414
28488
28562
28636
28710
28784
28858
28932
29006
29080
29154
29228
29302
29376
29450
29524
29615
29749
29876
30010
30137
30264
30398
30532
30659
30786
30913
31040
31167
31294
31421
31548
31675
31809
31943
32070
32204
32331
32458
32592
32719
32853
32987
33121
33248
33375
33509
33643
33770
33897
34024
34158
34285
34419
34546
34673
34807
34941
35075
35202
35336
35463
35597
35724
35851
35978
36105
36239
36373
36507
36641
36768
36902
37029
37156
37290
37417
37544
37678
37805
37939
38073
38207
38334
38468
38602
38729
38863
38997
39124
39258
39392
39519
39646
39780
39914
40048
40182
40316
40450
40584
40711
40845
40979
41113
41247
41381
41515
41649
41776
41910
42037
42164
42298
42425
42559
42693
42820
42954
43081
43208
43342
43476
43603
43730
43857
43991
44118
44252
44379
44513
44640
44774
44901
45028
45155
45282
45416
45543
45670
45804
45938
46072
46206
46340
46467
46594
46721
46855
46989
47123
47250
47384
47518
47652
47786
47913
48047
48174
48301
48435
48569
48696
48823
48957
49084
49211
49345
49472
49606
49733
49867
49994
50121
50255
50389
50523
50657
50791
50918
51045
51172
51299
51426
51553
51687
51821
51955
52082
52216
52350
52484
52611
52738
52865
52992
53119
53253
53380
53514
53641
53768
53895
54029
54163
54297
54424
54558
54685
54819
54946
55080
55207
55334
55461
55588
55715
55842
55969
56096
56223
56350
56484
56618
56752
56879
57006
57140
57274
57401
57535
57662
57796
57930
58064
58198
58308
58382
58456
58530
58604
58678
58752
58826
58900
58974
59048
59122
59196
59270
59344
59418
59492
59566
59640
59714
59788
59862
59936
60010
60084
60158
60232
60306
60380
60454
60528
60602
60676
60750
60824
60898
60972
61046
61120
61194
61268
61342
61416
61490
61564
61638
61712
61786
61860
61934
62008
62082
62156
62230
62304
62378
62452
62526
62600
62674
62748
62822
62896
62970
63044
63118
63192
63266
63340
63414
63488
63562
63636
63710
63784
63858
63932
64006
64080
64154
64228
64302
64376
64450
64524
64598
64672
64746
64820
64894
64968
65042
65116
65190
65264
65338
65412
65486
65560
65634
65708
65782
65856
65930
66004
66078
66152
66226
66300
66374
66465
66592
66719
66846
66973
67100
67234
67361
67488
67622
67756
67890
68017
68144
68271
68405
68539
68666
68800
68927
69054
69188
69315
69442
69576
69710
69837
69971
70105
70232
70366
70493
70620
70747
70874
71001
71128
71262
71389
71523
71650
71777
71911
72038
72172
72299
72433
72560
72687
72814
72941
73075
73202
73336
73463
73590
73724
73858
73985
74119
74253
74387
74514
74648
74782
74916
75043
75177
75304
75431
75558
75692
75826
75953
76087
76221
76348
76475
76602
76736
76863
76997
77124
77251
77385
77512
77646
77780
77907
78034
78161
78295
78422
78549
78683
78810
78937
79064
79191
79318
79452
79579
79713
79840
79967
80094
80228
80355
80489
80623
80757
80884
81011
81145
81279
81413
81547
81681
81815
81942
82069
82203
82330
82457
82591
82718
82845
82979
83106
83240
83367
83494
83621
83755
83889
84023
84150
84284
84418
84552
84686
84813
84940
85067
85201
85328
85455
85582
85716
85850
85984
86111
86245
86372
86499
86626
86760
86887
87021
87148
87275
87409
87536
87663
87790
87917
88051
88178
88312
88446
88580
88714
88848
88982
89116
89250
89384
89518
89645
89779
89913
90040
90167
90301
90435
90569
90703
90837
90971
91105
91232
91366
91500
91627
91754
91888
92022
92156
92290
92417
92551
92678
92805
92939
93073
93207
93334
93461
93595
93722
93849
93976
94110
94244
94378
94512
94646
94780
94914
95041
