30259
30393
30527
30661
30795
30929
31063
31197
31331
31465
31599
31733
31867
32001
32135
32269
32403
32537
32671
32805
32939
33073
33207
33341
33475
33609
33743
33877
34011
34145
34279
34413
34547
34681
34815
34949
35083
35217
35351
35485
35619
35753
35887
36021
36155
36289
36423
36557
36691
36825
36959
37093
37227
37361
37495
37629
37763
37897
38031
38165
38299
38433
38567
38701
38835
38969
39103
39237
39371
39505
39639
39773
39907
40041
40175
40309
40443
40577
40711
40845
40979
41113
41247
41381
41515
41649
41783
41917
42051
42185
42319
42453
42587
42721
42855
42989
43123
43257
43391
43525
43659
43793
43927
44061
44195
44329
44463
44597
44731
44865
44999
45133
45267
45401
45535
45669
45803
45937
46071
46205
46339
46473
46607
46741
46875
47009
47143
47277
47411
47545
47679
47813
47947
48081
48215
48349
48483
48617
48751
48885
49019
49153
49287
49421
49555
49689
49823
49957
50091
50225
50359
50493
50627
50761
50895
51029
51163
51297
51431
51565
51699
51833
51967
52101
52235
52369
52503
52637
52771
52905
53039
53173
53307
53441
53575
53709
53843
53977
54111
54245
54379
54513
54647
54781
54915
55049
55183
55317
55451
55585
55719
55853
55987
56121
56255
56389
56523
56657
56791
56925
57059
57193
57327
57461
57595
57729
57863
57997
58131
58265
58399
58533
58667
58801
58935
59069
59203
59337
59471
59605
59739
59873
60007
60141
60275
60409
60543
60677
60811
60945
61079
61213
61347
61481
61615
61749
61883
62017
62151
62285
62419
62553
62687
62821
62955
63089
63223
63357
63491
63625
63759
63893
64027
64161
64295
64429
64563
64697
64831
64965
65099
65233
65367
65501
65635
65769
65903
66037
66171
66305
66439
66573
66707
66841
66975
67109
67243
67377
67511
67645
67779
67913
68047
68181
68315
68449
68583
68717
68851
68985
69119
69253
69387
69521
69655
69789
69923
70057
70191
70325
70459
70593
70727
70861
70995
71129
71263
71397
71531
71665
71799
71933
72067
72201
72335
72469
72603
72737
72871
73005
73139
73273
73407
73541
73675
73809
73943
74077
74211
74345
