18899 18892 18897 18895  120.0 2.5
18903 18901 18899 18897 -120.0 2.5
18899 18903 18905 18907  180.0 0.0
19019 19030 19022 19024 -120.0 2.5
19054 19057 19059 19061  0.0 0.0
19153 19164 19156 19158 -120.0 2.5
19188 19191 19193 19195  0.0 0.0
19294 19287 19292 19290  120.0 2.5
19298 19296 19294 19292 -120.0 2.5
19294 19298 19300 19302  180.0 0.0
19414 19425 19417 19419 -120.0 2.5
19449 19452 19454 19456  0.0 0.0
19555 19548 19553 19551  120.0 2.5
19559 19557 19555 19553 -120.0 2.5
19555 19559 19561 19563  180.0 0.0
19675 19686 19678 19680 -120.0 2.5
19710 19713 19715 19717  0.0 0.0
19816 19809 19814 19812  120.0 2.5
19820 19818 19816 19814 -120.0 2.5
19816 19820 19822 19824  180.0 0.0
19943 19936 19941 19939  120.0 2.5
19947 19945 19943 19941 -120.0 2.5
19943 19947 19949 19951  180.0 0.0
20070 20063 20068 20066  120.0 2.5
20074 20072 20070 20068 -120.0 2.5
20070 20074 20076 20078  180.0 0.0
20190 20201 20193 20195 -120.0 2.5
20225 20228 20230 20232  0.0 0.0
20331 20324 20329 20327  120.0 2.5
20335 20333 20331 20329 -120.0 2.5
20331 20335 20337 20339  180.0 0.0
20458 20451 20456 20454  120.0 2.5
20462 20460 20458 20456 -120.0 2.5
20458 20462 20464 20466  180.0 0.0
20585 20578 20583 20581  120.0 2.5
20589 20587 20585 20583 -120.0 2.5
20585 20589 20591 20593  180.0 0.0
20705 20716 20708 20710 -120.0 2.5
20740 20743 20745 20747  0.0 0.0
20846 20839 20844 20842  120.0 2.5
20850 20848 20846 20844 -120.0 2.5
20846 20850 20852 20854  180.0 0.0
20966 20977 20969 20971 -120.0 2.5
21001 21004 21006 21008  0.0 0.0
21100 21111 21103 21105 -120.0 2.5
21135 21138 21140 21142  0.0 0.0
21241 21234 21239 21237  120.0 2.5
21245 21243 21241 21239 -120.0 2.5
21241 21245 21247 21249  180.0 0.0
21361 21372 21364 21366 -120.0 2.5
21396 21399 21401 21403  0.0 0.0
21502 21495 21500 21498  120.0 2.5
21506 21504 21502 21500 -120.0 2.5
21502 21506 21508 21510  180.0 0.0
21629 21622 21627 21625  120.0 2.5
21633 21631 21629 21627 -120.0 2.5
21629 21633 21635 21637  180.0 0.0
21756 21749 21754 21752  120.0 2.5
21760 21758 21756 21754 -120.0 2.5
21756 21760 21762 21764  180.0 0.0
21876 21887 21879 21881 -120.0 2.5
21911 21914 21916 21918  0.0 0.0
22017 22010 22015 22013  120.0 2.5
22021 22019 22017 22015 -120.0 2.5
22017 22021 22023 22025  180.0 0.0
22137 22148 22140 22142 -120.0 2.5
22172 22175 22177 22179  0.0 0.0
22278 22271 22276 22274  120.0 2.5
22282 22280 22278 22276 -120.0 2.5
22278 22282 22284 22286  180.0 0.0
22405 22398 22403 22401  120.0 2.5
22409 22407 22405 22403 -120.0 2.5
22405 22409 22411 22413  180.0 0.0
22532 22525 22530 22528  120.0 2.5
22536 22534 22532 22530 -120.0 2.5
22532 22536 22538 22540  180.0 0.0
22652 22663 22655 22657 -120.0 2.5
22687 22690 22692 22694  0.0 0.0
22793 22786 22791 22789  120.0 2.5
22797 22795 22793 22791 -120.0 2.5
22793 22797 22799 22801  180.0 0.0
22920 22913 22918 22916  120.0 2.5
22924 22922 22920 22918 -120.0 2.5
22920 22924 22926 22928  180.0 0.0
23040 23051 23043 23045 -120.0 2.5
23075 23078 23080 23082  0.0 0.0
23174 23185 23177 23179 -120.0 2.5
23209 23212 23214 23216  0.0 0.0
23308 23319 23311 23313 -120.0 2.5
23343 23346 23348 23350  0.0 0.0
23449 23442 23447 23445  120.0 2.5
23453 23451 23449 23447 -120.0 2.5
23449 23453 23455 23457  180.0 0.0
23576 23569 23574 23572  120.0 2.5
23580 23578 23576 23574 -120.0 2.5
23576 23580 23582 23584  180.0 0.0
23703 23696 23701 23699  120.0 2.5
23707 23705 23703 23701 -120.0 2.5
23703 23707 23709 23711  180.0 0.0
23830 23823 23828 23826  120.0 2.5
23834 23832 23830 23828 -120.0 2.5
23830 23834 23836 23838  180.0 0.0
23957 23950 23955 23953  120.0 2.5
23961 23959 23957 23955 -120.0 2.5
23957 23961 23963 23965  180.0 0.0
24084 24077 24082 24080  120.0 2.5
24088 24086 24084 24082 -120.0 2.5
24084 24088 24090 24092  180.0 0.0
24204 24215 24207 24209 -120.0 2.5
24239 24242 24244 24246  0.0 0.0
24338 24349 24341 24343 -120.0 2.5
24373 24376 24378 24380  0.0 0.0
24472 24483 24475 24477 -120.0 2.5
24507 24510 24512 24514  0.0 0.0
24613 24606 24611 24609  120.0 2.5
24617 24615 24613 24611 -120.0 2.5
24613 24617 24619 24621  180.0 0.0
24733 24744 24736 24738 -120.0 2.5
24768 24771 24773 24775  0.0 0.0
24874 24867 24872 24870  120.0 2.5
24878 24876 24874 24872 -120.0 2.5
24874 24878 24880 24882  180.0 0.0
24994 25005 24997 24999 -120.0 2.5
25029 25032 25034 25036  0.0 0.0
25135 25128 25133 25131  120.0 2.5
25139 25137 25135 25133 -120.0 2.5
25135 25139 25141 25143  180.0 0.0
25255 25266 25258 25260 -120.0 2.5
25290 25293 25295 25297  0.0 0.0
25396 25389 25394 25392  120.0 2.5
25400 25398 25396 25394 -120.0 2.5
25396 25400 25402 25404  180.0 0.0
25516 25527 25519 25521 -120.0 2.5
25551 25554 25556 25558  0.0 0.0
25657 25650 25655 25653  120.0 2.5
25661 25659 25657 25655 -120.0 2.5
25657 25661 25663 25665  180.0 0.0
25784 25777 25782 25780  120.0 2.5
25788 25786 25784 25782 -120.0 2.5
25784 25788 25790 25792  180.0 0.0
25911 25904 25909 25907  120.0 2.5
25915 25913 25911 25909 -120.0 2.5
25911 25915 25917 25919  180.0 0.0
26038 26031 26036 26034  120.0 2.5
26042 26040 26038 26036 -120.0 2.5
26038 26042 26044 26046  180.0 0.0
26158 26169 26161 26163 -120.0 2.5
26193 26196 26198 26200  0.0 0.0
26299 26292 26297 26295  120.0 2.5
26303 26301 26299 26297 -120.0 2.5
26299 26303 26305 26307  180.0 0.0
26419 26430 26422 26424 -120.0 2.5
26454 26457 26459 26461  0.0 0.0
26560 26553 26558 26556  120.0 2.5
26564 26562 26560 26558 -120.0 2.5
26560 26564 26566 26568  180.0 0.0
26680 26691 26683 26685 -120.0 2.5
26715 26718 26720 26722  0.0 0.0
26814 26825 26817 26819 -120.0 2.5
26849 26852 26854 26856  0.0 0.0
26948 26959 26951 26953 -120.0 2.5
26983 26986 26988 26990  0.0 0.0
27089 27082 27087 27085  120.0 2.5
27093 27091 27089 27087 -120.0 2.5
27089 27093 27095 27097  180.0 0.0
27209 27220 27212 27214 -120.0 2.5
27244 27247 27249 27251  0.0 0.0
27350 27343 27348 27346  120.0 2.5
27354 27352 27350 27348 -120.0 2.5
27350 27354 27356 27358  180.0 0.0
27470 27481 27473 27475 -120.0 2.5
27505 27508 27510 27512  0.0 0.0
27604 27615 27607 27609 -120.0 2.5
27639 27642 27644 27646  0.0 0.0
27738 27749 27741 27743 -120.0 2.5
27773 27776 27778 27780  0.0 0.0
27872 27883 27875 27877 -120.0 2.5
27907 27910 27912 27914  0.0 0.0
28006 28017 28009 28011 -120.0 2.5
28041 28044 28046 28048  0.0 0.0
28147 28140 28145 28143  120.0 2.5
28151 28149 28147 28145 -120.0 2.5
28147 28151 28153 28155  180.0 0.0
28274 28267 28272 28270  120.0 2.5
28278 28276 28274 28272 -120.0 2.5
28274 28278 28280 28282  180.0 0.0
28394 28405 28397 28399 -120.0 2.5
28429 28432 28434 28436  0.0 0.0
28528 28539 28531 28533 -120.0 2.5
28563 28566 28568 28570  0.0 0.0
28669 28662 28667 28665  120.0 2.5
28673 28671 28669 28667 -120.0 2.5
28669 28673 28675 28677  180.0 0.0
28789 28800 28792 28794 -120.0 2.5
28824 28827 28829 28831  0.0 0.0
28923 28934 28926 28928 -120.0 2.5
28958 28961 28963 28965  0.0 0.0
29057 29068 29060 29062 -120.0 2.5
29092 29095 29097 29099  0.0 0.0
29198 29191 29196 29194  120.0 2.5
29202 29200 29198 29196 -120.0 2.5
29198 29202 29204 29206  180.0 0.0
29318 29329 29321 29323 -120.0 2.5
29353 29356 29358 29360  0.0 0.0
29452 29463 29455 29457 -120.0 2.5
29487 29490 29492 29494  0.0 0.0
29586 29597 29589 29591 -120.0 2.5
29621 29624 29626 29628  0.0 0.0
29727 29720 29725 29723  120.0 2.5
29731 29729 29727 29725 -120.0 2.5
29727 29731 29733 29735  180.0 0.0
29854 29847 29852 29850  120.0 2.5
29858 29856 29854 29852 -120.0 2.5
29854 29858 29860 29862  180.0 0.0
29981 29974 29979 29977  120.0 2.5
29985 29983 29981 29979 -120.0 2.5
29981 29985 29987 29989  180.0 0.0
30101 30112 30104 30106 -120.0 2.5
30136 30139 30141 30143  0.0 0.0
30242 30235 30240 30238  120.0 2.5
30246 30244 30242 30240 -120.0 2.5
30242 30246 30248 30250  180.0 0.0
30362 30373 30365 30367 -120.0 2.5
30397 30400 30402 30404  0.0 0.0
30496 30507 30499 30501 -120.0 2.5
30531 30534 30536 30538  0.0 0.0
30637 30630 30635 30633  120.0 2.5
30641 30639 30637 30635 -120.0 2.5
30637 30641 30643 30645  180.0 0.0
30757 30768 30760 30762 -120.0 2.5
30792 30795 30797 30799  0.0 0.0
30898 30891 30896 30894  120.0 2.5
30902 30900 30898 30896 -120.0 2.5
30898 30902 30904 30906  180.0 0.0
31025 31018 31023 31021  120.0 2.5
31029 31027 31025 31023 -120.0 2.5
31025 31029 31031 31033  180.0 0.0
31152 31145 31150 31148  120.0 2.5
31156 31154 31152 31150 -120.0 2.5
31152 31156 31158 31160  180.0 0.0
31272 31283 31275 31277 -120.0 2.5
31307 31310 31312 31314  0.0 0.0
31413 31406 31411 31409  120.0 2.5
31417 31415 31413 31411 -120.0 2.5
31413 31417 31419 31421  180.0 0.0
31533 31544 31536 31538 -120.0 2.5
31568 31571 31573 31575  0.0 0.0
31667 31678 31670 31672 -120.0 2.5
31702 31705 31707 31709  0.0 0.0
31801 31812 31804 31806 -120.0 2.5
31836 31839 31841 31843  0.0 0.0
31942 31935 31940 31938  120.0 2.5
31946 31944 31942 31940 -120.0 2.5
31942 31946 31948 31950  180.0 0.0
32069 32062 32067 32065  120.0 2.5
32073 32071 32069 32067 -120.0 2.5
32069 32073 32075 32077  180.0 0.0
32196 32189 32194 32192  120.0 2.5
32200 32198 32196 32194 -120.0 2.5
32196 32200 32202 32204  180.0 0.0
32316 32327 32319 32321 -120.0 2.5
32351 32354 32356 32358  0.0 0.0
32457 32450 32455 32453  120.0 2.5
32461 32459 32457 32455 -120.0 2.5
32457 32461 32463 32465  180.0 0.0
32577 32588 32580 32582 -120.0 2.5
32612 32615 32617 32619  0.0 0.0
32711 32722 32714 32716 -120.0 2.5
32746 32749 32751 32753  0.0 0.0
32845 32856 32848 32850 -120.0 2.5
32880 32883 32885 32887  0.0 0.0
32979 32990 32982 32984 -120.0 2.5
33014 33017 33019 33021  0.0 0.0
33113 33124 33116 33118 -120.0 2.5
33148 33151 33153 33155  0.0 0.0
33247 33258 33250 33252 -120.0 2.5
33282 33285 33287 33289  0.0 0.0
33388 33381 33386 33384  120.0 2.5
33392 33390 33388 33386 -120.0 2.5
33388 33392 33394 33396  180.0 0.0
33508 33519 33511 33513 -120.0 2.5
33543 33546 33548 33550  0.0 0.0
33649 33642 33647 33645  120.0 2.5
33653 33651 33649 33647 -120.0 2.5
33649 33653 33655 33657  180.0 0.0
33769 33780 33772 33774 -120.0 2.5
33804 33807 33809 33811  0.0 0.0
33910 33903 33908 33906  120.0 2.5
33914 33912 33910 33908 -120.0 2.5
33910 33914 33916 33918  180.0 0.0
34030 34041 34033 34035 -120.0 2.5
34065 34068 34070 34072  0.0 0.0
34171 34164 34169 34167  120.0 2.5
34175 34173 34171 34169 -120.0 2.5
34171 34175 34177 34179  180.0 0.0
34298 34291 34296 34294  120.0 2.5
34302 34300 34298 34296 -120.0 2.5
34298 34302 34304 34306  180.0 0.0
34425 34418 34423 34421  120.0 2.5
34429 34427 34425 34423 -120.0 2.5
34425 34429 34431 34433  180.0 0.0
34545 34556 34548 34550 -120.0 2.5
34580 34583 34585 34587  0.0 0.0
34679 34690 34682 34684 -120.0 2.5
34714 34717 34719 34721  0.0 0.0
34820 34813 34818 34816  120.0 2.5
34824 34822 34820 34818 -120.0 2.5
34820 34824 34826 34828  180.0 0.0
34940 34951 34943 34945 -120.0 2.5
34975 34978 34980 34982  0.0 0.0
35074 35085 35077 35079 -120.0 2.5
35109 35112 35114 35116  0.0 0.0
35208 35219 35211 35213 -120.0 2.5
35243 35246 35248 35250  0.0 0.0
35342 35353 35345 35347 -120.0 2.5
35377 35380 35382 35384  0.0 0.0
35483 35476 35481 35479  120.0 2.5
35487 35485 35483 35481 -120.0 2.5
35483 35487 35489 35491  180.0 0.0
35603 35614 35606 35608 -120.0 2.5
35638 35641 35643 35645  0.0 0.0
35737 35748 35740 35742 -120.0 2.5
35772 35775 35777 35779  0.0 0.0
35871 35882 35874 35876 -120.0 2.5
35906 35909 35911 35913  0.0 0.0
36012 36005 36010 36008  120.0 2.5
36016 36014 36012 36010 -120.0 2.5
36012 36016 36018 36020  180.0 0.0
36132 36143 36135 36137 -120.0 2.5
36167 36170 36172 36174  0.0 0.0
36266 36277 36269 36271 -120.0 2.5
36301 36304 36306 36308  0.0 0.0
36407 36400 36405 36403  120.0 2.5
36411 36409 36407 36405 -120.0 2.5
36407 36411 36413 36415  180.0 0.0
36527 36538 36530 36532 -120.0 2.5
36562 36565 36567 36569  0.0 0.0
36668 36661 36666 36664  120.0 2.5
36672 36670 36668 36666 -120.0 2.5
36668 36672 36674 36676  180.0 0.0
36788 36799 36791 36793 -120.0 2.5
36823 36826 36828 36830  0.0 0.0
36922 36933 36925 36927 -120.0 2.5
36957 36960 36962 36964  0.0 0.0
37063 37056 37061 37059  120.0 2.5
37067 37065 37063 37061 -120.0 2.5
37063 37067 37069 37071  180.0 0.0
37183 37194 37186 37188 -120.0 2.5
37218 37221 37223 37225  0.0 0.0
37317 37328 37320 37322 -120.0 2.5
37352 37355 37357 37359  0.0 0.0
37451 37462 37454 37456 -120.0 2.5
37486 37489 37491 37493  0.0 0.0
37592 37585 37590 37588  120.0 2.5
37596 37594 37592 37590 -120.0 2.5
37592 37596 37598 37600  180.0 0.0
37712 37723 37715 37717 -120.0 2.5
37747 37750 37752 37754  0.0 0.0
37853 37846 37851 37849  120.0 2.5
37857 37855 37853 37851 -120.0 2.5
37853 37857 37859 37861  180.0 0.0
37980 37973 37978 37976  120.0 2.5
37984 37982 37980 37978 -120.0 2.5
37980 37984 37986 37988  180.0 0.0
38107 38100 38105 38103  120.0 2.5
38111 38109 38107 38105 -120.0 2.5
38107 38111 38113 38115  180.0 0.0
38234 38227 38232 38230  120.0 2.5
38238 38236 38234 38232 -120.0 2.5
38234 38238 38240 38242  180.0 0.0
38354 38365 38357 38359 -120.0 2.5
38389 38392 38394 38396  0.0 0.0
38495 38488 38493 38491  120.0 2.5
38499 38497 38495 38493 -120.0 2.5
38495 38499 38501 38503  180.0 0.0
38622 38615 38620 38618  120.0 2.5
38626 38624 38622 38620 -120.0 2.5
38622 38626 38628 38630  180.0 0.0
38749 38742 38747 38745  120.0 2.5
38753 38751 38749 38747 -120.0 2.5
38749 38753 38755 38757  180.0 0.0
38869 38880 38872 38874 -120.0 2.5
38904 38907 38909 38911  0.0 0.0
39003 39014 39006 39008 -120.0 2.5
39038 39041 39043 39045  0.0 0.0
39137 39148 39140 39142 -120.0 2.5
39172 39175 39177 39179  0.0 0.0
39271 39282 39274 39276 -120.0 2.5
39306 39309 39311 39313  0.0 0.0
39412 39405 39410 39408  120.0 2.5
39416 39414 39412 39410 -120.0 2.5
39412 39416 39418 39420  180.0 0.0
39532 39543 39535 39537 -120.0 2.5
39567 39570 39572 39574  0.0 0.0
39666 39677 39669 39671 -120.0 2.5
39701 39704 39706 39708  0.0 0.0
39800 39811 39803 39805 -120.0 2.5
39835 39838 39840 39842  0.0 0.0
39941 39934 39939 39937  120.0 2.5
39945 39943 39941 39939 -120.0 2.5
39941 39945 39947 39949  180.0 0.0
40061 40072 40064 40066 -120.0 2.5
40096 40099 40101 40103  0.0 0.0
40195 40206 40198 40200 -120.0 2.5
40230 40233 40235 40237  0.0 0.0
40329 40340 40332 40334 -120.0 2.5
40364 40367 40369 40371  0.0 0.0
40470 40463 40468 40466  120.0 2.5
40474 40472 40470 40468 -120.0 2.5
40470 40474 40476 40478  180.0 0.0
40597 40590 40595 40593  120.0 2.5
40601 40599 40597 40595 -120.0 2.5
40597 40601 40603 40605  180.0 0.0
40724 40717 40722 40720  120.0 2.5
40728 40726 40724 40722 -120.0 2.5
40724 40728 40730 40732  180.0 0.0
40844 40855 40847 40849 -120.0 2.5
40879 40882 40884 40886  0.0 0.0
40985 40978 40983 40981  120.0 2.5
40989 40987 40985 40983 -120.0 2.5
40985 40989 40991 40993  180.0 0.0
41112 41105 41110 41108  120.0 2.5
41116 41114 41112 41110 -120.0 2.5
41112 41116 41118 41120  180.0 0.0
41232 41243 41235 41237 -120.0 2.5
41267 41270 41272 41274  0.0 0.0
41366 41377 41369 41371 -120.0 2.5
41401 41404 41406 41408  0.0 0.0
41500 41511 41503 41505 -120.0 2.5
41535 41538 41540 41542  0.0 0.0
41634 41645 41637 41639 -120.0 2.5
41669 41672 41674 41676  0.0 0.0
41768 41779 41771 41773 -120.0 2.5
41803 41806 41808 41810  0.0 0.0
41909 41902 41907 41905  120.0 2.5
41913 41911 41909 41907 -120.0 2.5
41909 41913 41915 41917  180.0 0.0
42029 42040 42032 42034 -120.0 2.5
42064 42067 42069 42071  0.0 0.0
42170 42163 42168 42166  120.0 2.5
42174 42172 42170 42168 -120.0 2.5
42170 42174 42176 42178  180.0 0.0
42297 42290 42295 42293  120.0 2.5
42301 42299 42297 42295 -120.0 2.5
42297 42301 42303 42305  180.0 0.0
42417 42428 42420 42422 -120.0 2.5
42452 42455 42457 42459  0.0 0.0
42551 42562 42554 42556 -120.0 2.5
42586 42589 42591 42593  0.0 0.0
42692 42685 42690 42688  120.0 2.5
42696 42694 42692 42690 -120.0 2.5
42692 42696 42698 42700  180.0 0.0
42812 42823 42815 42817 -120.0 2.5
42847 42850 42852 42854  0.0 0.0
42953 42946 42951 42949  120.0 2.5
42957 42955 42953 42951 -120.0 2.5
42953 42957 42959 42961  180.0 0.0
43080 43073 43078 43076  120.0 2.5
43084 43082 43080 43078 -120.0 2.5
43080 43084 43086 43088  180.0 0.0
43207 43200 43205 43203  120.0 2.5
43211 43209 43207 43205 -120.0 2.5
43207 43211 43213 43215  180.0 0.0
43327 43338 43330 43332 -120.0 2.5
43362 43365 43367 43369  0.0 0.0
43468 43461 43466 43464  120.0 2.5
43472 43470 43468 43466 -120.0 2.5
43468 43472 43474 43476  180.0 0.0
43595 43588 43593 43591  120.0 2.5
43599 43597 43595 43593 -120.0 2.5
43595 43599 43601 43603  180.0 0.0
43722 43715 43720 43718  120.0 2.5
43726 43724 43722 43720 -120.0 2.5
43722 43726 43728 43730  180.0 0.0
43849 43842 43847 43845  120.0 2.5
43853 43851 43849 43847 -120.0 2.5
43849 43853 43855 43857  180.0 0.0
43976 43969 43974 43972  120.0 2.5
43980 43978 43976 43974 -120.0 2.5
43976 43980 43982 43984  180.0 0.0
44103 44096 44101 44099  120.0 2.5
44107 44105 44103 44101 -120.0 2.5
44103 44107 44109 44111  180.0 0.0
44230 44223 44228 44226  120.0 2.5
44234 44232 44230 44228 -120.0 2.5
44230 44234 44236 44238  180.0 0.0
44357 44350 44355 44353  120.0 2.5
44361 44359 44357 44355 -120.0 2.5
44357 44361 44363 44365  180.0 0.0
44477 44488 44480 44482 -120.0 2.5
44512 44515 44517 44519  0.0 0.0
44618 44611 44616 44614  120.0 2.5
44622 44620 44618 44616 -120.0 2.5
44618 44622 44624 44626  180.0 0.0
44745 44738 44743 44741  120.0 2.5
44749 44747 44745 44743 -120.0 2.5
44745 44749 44751 44753  180.0 0.0
44865 44876 44868 44870 -120.0 2.5
44900 44903 44905 44907  0.0 0.0
44999 45010 45002 45004 -120.0 2.5
45034 45037 45039 45041  0.0 0.0
45133 45144 45136 45138 -120.0 2.5
45168 45171 45173 45175  0.0 0.0
45274 45267 45272 45270  120.0 2.5
45278 45276 45274 45272 -120.0 2.5
45274 45278 45280 45282  180.0 0.0
45394 45405 45397 45399 -120.0 2.5
45429 45432 45434 45436  0.0 0.0
45535 45528 45533 45531  120.0 2.5
45539 45537 45535 45533 -120.0 2.5
45535 45539 45541 45543  180.0 0.0
45662 45655 45660 45658  120.0 2.5
45666 45664 45662 45660 -120.0 2.5
45662 45666 45668 45670  180.0 0.0
45782 45793 45785 45787 -120.0 2.5
45817 45820 45822 45824  0.0 0.0
45923 45916 45921 45919  120.0 2.5
45927 45925 45923 45921 -120.0 2.5
45923 45927 45929 45931  180.0 0.0
46050 46043 46048 46046  120.0 2.5
46054 46052 46050 46048 -120.0 2.5
46050 46054 46056 46058  180.0 0.0
46170 46181 46173 46175 -120.0 2.5
46205 46208 46210 46212  0.0 0.0
46304 46315 46307 46309 -120.0 2.5
46339 46342 46344 46346  0.0 0.0
46445 46438 46443 46441  120.0 2.5
46449 46447 46445 46443 -120.0 2.5
46445 46449 46451 46453  180.0 0.0
46565 46576 46568 46570 -120.0 2.5
46600 46603 46605 46607  0.0 0.0
46706 46699 46704 46702  120.0 2.5
46710 46708 46706 46704 -120.0 2.5
46706 46710 46712 46714  180.0 0.0
46833 46826 46831 46829  120.0 2.5
46837 46835 46833 46831 -120.0 2.5
46833 46837 46839 46841  180.0 0.0
46953 46964 46956 46958 -120.0 2.5
46988 46991 46993 46995  0.0 0.0
47094 47087 47092 47090  120.0 2.5
47098 47096 47094 47092 -120.0 2.5
47094 47098 47100 47102  180.0 0.0
47214 47225 47217 47219 -120.0 2.5
47249 47252 47254 47256  0.0 0.0
47355 47348 47353 47351  120.0 2.5
47359 47357 47355 47353 -120.0 2.5
47355 47359 47361 47363  180.0 0.0
47482 47475 47480 47478  120.0 2.5
47486 47484 47482 47480 -120.0 2.5
47482 47486 47488 47490  180.0 0.0
55823 55816 55821 55819  120.0 2.5
55827 55825 55823 55821 -120.0 2.5
55823 55827 55829 55831  180.0 0.0
55950 55943 55948 55946  120.0 2.5
55954 55952 55950 55948 -120.0 2.5
55950 55954 55956 55958  180.0 0.0
56077 56070 56075 56073  120.0 2.5
56081 56079 56077 56075 -120.0 2.5
56077 56081 56083 56085  180.0 0.0
56197 56208 56200 56202 -120.0 2.5
56232 56235 56237 56239  0.0 0.0
56338 56331 56336 56334  120.0 2.5
56342 56340 56338 56336 -120.0 2.5
56338 56342 56344 56346  180.0 0.0
56458 56469 56461 56463 -120.0 2.5
56493 56496 56498 56500  0.0 0.0
56599 56592 56597 56595  120.0 2.5
56603 56601 56599 56597 -120.0 2.5
56599 56603 56605 56607  180.0 0.0
56719 56730 56722 56724 -120.0 2.5
56754 56757 56759 56761  0.0 0.0
56853 56864 56856 56858 -120.0 2.5
56888 56891 56893 56895  0.0 0.0
56994 56987 56992 56990  120.0 2.5
56998 56996 56994 56992 -120.0 2.5
56994 56998 57000 57002  180.0 0.0
57121 57114 57119 57117  120.0 2.5
57125 57123 57121 57119 -120.0 2.5
57121 57125 57127 57129  180.0 0.0
57241 57252 57244 57246 -120.0 2.5
57276 57279 57281 57283  0.0 0.0
57382 57375 57380 57378  120.0 2.5
57386 57384 57382 57380 -120.0 2.5
57382 57386 57388 57390  180.0 0.0
57509 57502 57507 57505  120.0 2.5
57513 57511 57509 57507 -120.0 2.5
57509 57513 57515 57517  180.0 0.0
57636 57629 57634 57632  120.0 2.5
57640 57638 57636 57634 -120.0 2.5
57636 57640 57642 57644  180.0 0.0
57756 57767 57759 57761 -120.0 2.5
57791 57794 57796 57798  0.0 0.0
57890 57901 57893 57895 -120.0 2.5
57925 57928 57930 57932  0.0 0.0
58024 58035 58027 58029 -120.0 2.5
58059 58062 58064 58066  0.0 0.0
58158 58169 58161 58163 -120.0 2.5
58193 58196 58198 58200  0.0 0.0
58292 58303 58295 58297 -120.0 2.5
58327 58330 58332 58334  0.0 0.0
58433 58426 58431 58429  120.0 2.5
58437 58435 58433 58431 -120.0 2.5
58433 58437 58439 58441  180.0 0.0
58553 58564 58556 58558 -120.0 2.5
58588 58591 58593 58595  0.0 0.0
58687 58698 58690 58692 -120.0 2.5
58722 58725 58727 58729  0.0 0.0
58828 58821 58826 58824  120.0 2.5
58832 58830 58828 58826 -120.0 2.5
58828 58832 58834 58836  180.0 0.0
58955 58948 58953 58951  120.0 2.5
58959 58957 58955 58953 -120.0 2.5
58955 58959 58961 58963  180.0 0.0
59082 59075 59080 59078  120.0 2.5
59086 59084 59082 59080 -120.0 2.5
59082 59086 59088 59090  180.0 0.0
59202 59213 59205 59207 -120.0 2.5
59237 59240 59242 59244  0.0 0.0
59343 59336 59341 59339  120.0 2.5
59347 59345 59343 59341 -120.0 2.5
59343 59347 59349 59351  180.0 0.0
59470 59463 59468 59466  120.0 2.5
59474 59472 59470 59468 -120.0 2.5
59470 59474 59476 59478  180.0 0.0
59590 59601 59593 59595 -120.0 2.5
59625 59628 59630 59632  0.0 0.0
59731 59724 59729 59727  120.0 2.5
59735 59733 59731 59729 -120.0 2.5
59731 59735 59737 59739  180.0 0.0
59858 59851 59856 59854  120.0 2.5
59862 59860 59858 59856 -120.0 2.5
59858 59862 59864 59866  180.0 0.0
59978 59989 59981 59983 -120.0 2.5
60013 60016 60018 60020  0.0 0.0
60112 60123 60115 60117 -120.0 2.5
60147 60150 60152 60154  0.0 0.0
60253 60246 60251 60249  120.0 2.5
60257 60255 60253 60251 -120.0 2.5
60253 60257 60259 60261  180.0 0.0
60373 60384 60376 60378 -120.0 2.5
60408 60411 60413 60415  0.0 0.0
60507 60518 60510 60512 -120.0 2.5
60542 60545 60547 60549  0.0 0.0
60648 60641 60646 60644  120.0 2.5
60652 60650 60648 60646 -120.0 2.5
60648 60652 60654 60656  180.0 0.0
60775 60768 60773 60771  120.0 2.5
60779 60777 60775 60773 -120.0 2.5
60775 60779 60781 60783  180.0 0.0
60895 60906 60898 60900 -120.0 2.5
60930 60933 60935 60937  0.0 0.0
61036 61029 61034 61032  120.0 2.5
61040 61038 61036 61034 -120.0 2.5
61036 61040 61042 61044  180.0 0.0
61156 61167 61159 61161 -120.0 2.5
61191 61194 61196 61198  0.0 0.0
61290 61301 61293 61295 -120.0 2.5
61325 61328 61330 61332  0.0 0.0
61431 61424 61429 61427  120.0 2.5
61435 61433 61431 61429 -120.0 2.5
61431 61435 61437 61439  180.0 0.0
61551 61562 61554 61556 -120.0 2.5
61586 61589 61591 61593  0.0 0.0
61685 61696 61688 61690 -120.0 2.5
61720 61723 61725 61727  0.0 0.0
61819 61830 61822 61824 -120.0 2.5
61854 61857 61859 61861  0.0 0.0
61953 61964 61956 61958 -120.0 2.5
61988 61991 61993 61995  0.0 0.0
62094 62087 62092 62090  120.0 2.5
62098 62096 62094 62092 -120.0 2.5
62094 62098 62100 62102  180.0 0.0
62221 62214 62219 62217  120.0 2.5
62225 62223 62221 62219 -120.0 2.5
62221 62225 62227 62229  180.0 0.0
62341 62352 62344 62346 -120.0 2.5
62376 62379 62381 62383  0.0 0.0
62482 62475 62480 62478  120.0 2.5
62486 62484 62482 62480 -120.0 2.5
62482 62486 62488 62490  180.0 0.0
62602 62613 62605 62607 -120.0 2.5
62637 62640 62642 62644  0.0 0.0
62743 62736 62741 62739  120.0 2.5
62747 62745 62743 62741 -120.0 2.5
62743 62747 62749 62751  180.0 0.0
62863 62874 62866 62868 -120.0 2.5
62898 62901 62903 62905  0.0 0.0
62997 63008 63000 63002 -120.0 2.5
63032 63035 63037 63039  0.0 0.0
63131 63142 63134 63136 -120.0 2.5
63166 63169 63171 63173  0.0 0.0
63265 63276 63268 63270 -120.0 2.5
63300 63303 63305 63307  0.0 0.0
63406 63399 63404 63402  120.0 2.5
63410 63408 63406 63404 -120.0 2.5
63406 63410 63412 63414  180.0 0.0
63533 63526 63531 63529  120.0 2.5
63537 63535 63533 63531 -120.0 2.5
63533 63537 63539 63541  180.0 0.0
63653 63664 63656 63658 -120.0 2.5
63688 63691 63693 63695  0.0 0.0
63787 63798 63790 63792 -120.0 2.5
63822 63825 63827 63829  0.0 0.0
63921 63932 63924 63926 -120.0 2.5
63956 63959 63961 63963  0.0 0.0
64062 64055 64060 64058  120.0 2.5
64066 64064 64062 64060 -120.0 2.5
64062 64066 64068 64070  180.0 0.0
64182 64193 64185 64187 -120.0 2.5
64217 64220 64222 64224  0.0 0.0
64323 64316 64321 64319  120.0 2.5
64327 64325 64323 64321 -120.0 2.5
64323 64327 64329 64331  180.0 0.0
64450 64443 64448 64446  120.0 2.5
64454 64452 64450 64448 -120.0 2.5
64450 64454 64456 64458  180.0 0.0
64570 64581 64573 64575 -120.0 2.5
64605 64608 64610 64612  0.0 0.0
64711 64704 64709 64707  120.0 2.5
64715 64713 64711 64709 -120.0 2.5
64711 64715 64717 64719  180.0 0.0
64838 64831 64836 64834  120.0 2.5
64842 64840 64838 64836 -120.0 2.5
64838 64842 64844 64846  180.0 0.0
64958 64969 64961 64963 -120.0 2.5
64993 64996 64998 65000  0.0 0.0
65099 65092 65097 65095  120.0 2.5
65103 65101 65099 65097 -120.0 2.5
65099 65103 65105 65107  180.0 0.0
65219 65230 65222 65224 -120.0 2.5
65254 65257 65259 65261  0.0 0.0
65360 65353 65358 65356  120.0 2.5
65364 65362 65360 65358 -120.0 2.5
65360 65364 65366 65368  180.0 0.0
65480 65491 65483 65485 -120.0 2.5
65515 65518 65520 65522  0.0 0.0
65621 65614 65619 65617  120.0 2.5
65625 65623 65621 65619 -120.0 2.5
65621 65625 65627 65629  180.0 0.0
65748 65741 65746 65744  120.0 2.5
65752 65750 65748 65746 -120.0 2.5
65748 65752 65754 65756  180.0 0.0
65875 65868 65873 65871  120.0 2.5
65879 65877 65875 65873 -120.0 2.5
65875 65879 65881 65883  180.0 0.0
66002 65995 66000 65998  120.0 2.5
66006 66004 66002 66000 -120.0 2.5
66002 66006 66008 66010  180.0 0.0
66129 66122 66127 66125  120.0 2.5
66133 66131 66129 66127 -120.0 2.5
66129 66133 66135 66137  180.0 0.0
66256 66249 66254 66252  120.0 2.5
66260 66258 66256 66254 -120.0 2.5
66256 66260 66262 66264  180.0 0.0
66376 66387 66379 66381 -120.0 2.5
66411 66414 66416 66418  0.0 0.0
66517 66510 66515 66513  120.0 2.5
66521 66519 66517 66515 -120.0 2.5
66517 66521 66523 66525  180.0 0.0
66644 66637 66642 66640  120.0 2.5
66648 66646 66644 66642 -120.0 2.5
66644 66648 66650 66652  180.0 0.0
66764 66775 66767 66769 -120.0 2.5
66799 66802 66804 66806  0.0 0.0
66898 66909 66901 66903 -120.0 2.5
66933 66936 66938 66940  0.0 0.0
67032 67043 67035 67037 -120.0 2.5
67067 67070 67072 67074  0.0 0.0
67166 67177 67169 67171 -120.0 2.5
67201 67204 67206 67208  0.0 0.0
67300 67311 67303 67305 -120.0 2.5
67335 67338 67340 67342  0.0 0.0
67441 67434 67439 67437  120.0 2.5
67445 67443 67441 67439 -120.0 2.5
67441 67445 67447 67449  180.0 0.0
67568 67561 67566 67564  120.0 2.5
67572 67570 67568 67566 -120.0 2.5
67568 67572 67574 67576  180.0 0.0
67688 67699 67691 67693 -120.0 2.5
67723 67726 67728 67730  0.0 0.0
67829 67822 67827 67825  120.0 2.5
67833 67831 67829 67827 -120.0 2.5
67829 67833 67835 67837  180.0 0.0
67956 67949 67954 67952  120.0 2.5
67960 67958 67956 67954 -120.0 2.5
67956 67960 67962 67964  180.0 0.0
68083 68076 68081 68079  120.0 2.5
68087 68085 68083 68081 -120.0 2.5
68083 68087 68089 68091  180.0 0.0
68210 68203 68208 68206  120.0 2.5
68214 68212 68210 68208 -120.0 2.5
68210 68214 68216 68218  180.0 0.0
68330 68341 68333 68335 -120.0 2.5
68365 68368 68370 68372  0.0 0.0
68471 68464 68469 68467  120.0 2.5
68475 68473 68471 68469 -120.0 2.5
68471 68475 68477 68479  180.0 0.0
68591 68602 68594 68596 -120.0 2.5
68626 68629 68631 68633  0.0 0.0
68725 68736 68728 68730 -120.0 2.5
68760 68763 68765 68767  0.0 0.0
68859 68870 68862 68864 -120.0 2.5
68894 68897 68899 68901  0.0 0.0
68993 69004 68996 68998 -120.0 2.5
69028 69031 69033 69035  0.0 0.0
69134 69127 69132 69130  120.0 2.5
69138 69136 69134 69132 -120.0 2.5
69134 69138 69140 69142  180.0 0.0
69261 69254 69259 69257  120.0 2.5
69265 69263 69261 69259 -120.0 2.5
69261 69265 69267 69269  180.0 0.0
69381 69392 69384 69386 -120.0 2.5
69416 69419 69421 69423  0.0 0.0
69515 69526 69518 69520 -120.0 2.5
69550 69553 69555 69557  0.0 0.0
69649 69660 69652 69654 -120.0 2.5
69684 69687 69689 69691  0.0 0.0
69790 69783 69788 69786  120.0 2.5
69794 69792 69790 69788 -120.0 2.5
69790 69794 69796 69798  180.0 0.0
69917 69910 69915 69913  120.0 2.5
69921 69919 69917 69915 -120.0 2.5
69917 69921 69923 69925  180.0 0.0
70037 70048 70040 70042 -120.0 2.5
70072 70075 70077 70079  0.0 0.0
70171 70182 70174 70176 -120.0 2.5
70206 70209 70211 70213  0.0 0.0
70312 70305 70310 70308  120.0 2.5
70316 70314 70312 70310 -120.0 2.5
70312 70316 70318 70320  180.0 0.0
70432 70443 70435 70437 -120.0 2.5
70467 70470 70472 70474  0.0 0.0
70566 70577 70569 70571 -120.0 2.5
70601 70604 70606 70608  0.0 0.0
70700 70711 70703 70705 -120.0 2.5
70735 70738 70740 70742  0.0 0.0
70834 70845 70837 70839 -120.0 2.5
70869 70872 70874 70876  0.0 0.0
70975 70968 70973 70971  120.0 2.5
70979 70977 70975 70973 -120.0 2.5
70975 70979 70981 70983  180.0 0.0
71095 71106 71098 71100 -120.0 2.5
71130 71133 71135 71137  0.0 0.0
71236 71229 71234 71232  120.0 2.5
71240 71238 71236 71234 -120.0 2.5
71236 71240 71242 71244  180.0 0.0
71363 71356 71361 71359  120.0 2.5
71367 71365 71363 71361 -120.0 2.5
71363 71367 71369 71371  180.0 0.0
71483 71494 71486 71488 -120.0 2.5
71518 71521 71523 71525  0.0 0.0
71624 71617 71622 71620  120.0 2.5
71628 71626 71624 71622 -120.0 2.5
71624 71628 71630 71632  180.0 0.0
71744 71755 71747 71749 -120.0 2.5
71779 71782 71784 71786  0.0 0.0
71885 71878 71883 71881  120.0 2.5
71889 71887 71885 71883 -120.0 2.5
71885 71889 71891 71893  180.0 0.0
72012 72005 72010 72008  120.0 2.5
72016 72014 72012 72010 -120.0 2.5
72012 72016 72018 72020  180.0 0.0
72139 72132 72137 72135  120.0 2.5
72143 72141 72139 72137 -120.0 2.5
72139 72143 72145 72147  180.0 0.0
72259 72270 72262 72264 -120.0 2.5
72294 72297 72299 72301  0.0 0.0
72400 72393 72398 72396  120.0 2.5
72404 72402 72400 72398 -120.0 2.5
72400 72404 72406 72408  180.0 0.0
72520 72531 72523 72525 -120.0 2.5
72555 72558 72560 72562  0.0 0.0
72661 72654 72659 72657  120.0 2.5
72665 72663 72661 72659 -120.0 2.5
72661 72665 72667 72669  180.0 0.0
72781 72792 72784 72786 -120.0 2.5
72816 72819 72821 72823  0.0 0.0
72915 72926 72918 72920 -120.0 2.5
72950 72953 72955 72957  0.0 0.0
73049 73060 73052 73054 -120.0 2.5
73084 73087 73089 73091  0.0 0.0
73190 73183 73188 73186  120.0 2.5
73194 73192 73190 73188 -120.0 2.5
73190 73194 73196 73198  180.0 0.0
73310 73321 73313 73315 -120.0 2.5
73345 73348 73350 73352  0.0 0.0
73451 73444 73449 73447  120.0 2.5
73455 73453 73451 73449 -120.0 2.5
73451 73455 73457 73459  180.0 0.0
73571 73582 73574 73576 -120.0 2.5
73606 73609 73611 73613  0.0 0.0
73712 73705 73710 73708  120.0 2.5
73716 73714 73712 73710 -120.0 2.5
73712 73716 73718 73720  180.0 0.0
73832 73843 73835 73837 -120.0 2.5
73867 73870 73872 73874  0.0 0.0
73973 73966 73971 73969  120.0 2.5
73977 73975 73973 73971 -120.0 2.5
73973 73977 73979 73981  180.0 0.0
74100 74093 74098 74096  120.0 2.5
74104 74102 74100 74098 -120.0 2.5
74100 74104 74106 74108  180.0 0.0
74220 74231 74223 74225 -120.0 2.5
74255 74258 74260 74262  0.0 0.0
74354 74365 74357 74359 -120.0 2.5
74389 74392 74394 74396  0.0 0.0
74488 74499 74491 74493 -120.0 2.5
74523 74526 74528 74530  0.0 0.0
74622 74633 74625 74627 -120.0 2.5
74657 74660 74662 74664  0.0 0.0
74756 74767 74759 74761 -120.0 2.5
74791 74794 74796 74798  0.0 0.0
74890 74901 74893 74895 -120.0 2.5
74925 74928 74930 74932  0.0 0.0
75031 75024 75029 75027  120.0 2.5
75035 75033 75031 75029 -120.0 2.5
75031 75035 75037 75039  180.0 0.0
75158 75151 75156 75154  120.0 2.5
75162 75160 75158 75156 -120.0 2.5
75158 75162 75164 75166  180.0 0.0
75278 75289 75281 75283 -120.0 2.5
75313 75316 75318 75320  0.0 0.0
75412 75423 75415 75417 -120.0 2.5
75447 75450 75452 75454  0.0 0.0
75546 75557 75549 75551 -120.0 2.5
75581 75584 75586 75588  0.0 0.0
75680 75691 75683 75685 -120.0 2.5
75715 75718 75720 75722  0.0 0.0
75821 75814 75819 75817  120.0 2.5
75825 75823 75821 75819 -120.0 2.5
75821 75825 75827 75829  180.0 0.0
75948 75941 75946 75944  120.0 2.5
75952 75950 75948 75946 -120.0 2.5
75948 75952 75954 75956  180.0 0.0
76068 76079 76071 76073 -120.0 2.5
76103 76106 76108 76110  0.0 0.0
76202 76213 76205 76207 -120.0 2.5
76237 76240 76242 76244  0.0 0.0
76336 76347 76339 76341 -120.0 2.5
76371 76374 76376 76378  0.0 0.0
76477 76470 76475 76473  120.0 2.5
76481 76479 76477 76475 -120.0 2.5
76477 76481 76483 76485  180.0 0.0
76597 76608 76600 76602 -120.0 2.5
76632 76635 76637 76639  0.0 0.0
76731 76742 76734 76736 -120.0 2.5
76766 76769 76771 76773  0.0 0.0
76872 76865 76870 76868  120.0 2.5
76876 76874 76872 76870 -120.0 2.5
76872 76876 76878 76880  180.0 0.0
76999 76992 76997 76995  120.0 2.5
77003 77001 76999 76997 -120.0 2.5
76999 77003 77005 77007  180.0 0.0
77126 77119 77124 77122  120.0 2.5
77130 77128 77126 77124 -120.0 2.5
77126 77130 77132 77134  180.0 0.0
77246 77257 77249 77251 -120.0 2.5
77281 77284 77286 77288  0.0 0.0
77387 77380 77385 77383  120.0 2.5
77391 77389 77387 77385 -120.0 2.5
77387 77391 77393 77395  180.0 0.0
77514 77507 77512 77510  120.0 2.5
77518 77516 77514 77512 -120.0 2.5
77514 77518 77520 77522  180.0 0.0
77641 77634 77639 77637  120.0 2.5
77645 77643 77641 77639 -120.0 2.5
77641 77645 77647 77649  180.0 0.0
77768 77761 77766 77764  120.0 2.5
77772 77770 77768 77766 -120.0 2.5
77768 77772 77774 77776  180.0 0.0
77888 77899 77891 77893 -120.0 2.5
77923 77926 77928 77930  0.0 0.0
78029 78022 78027 78025  120.0 2.5
78033 78031 78029 78027 -120.0 2.5
78029 78033 78035 78037  180.0 0.0
78156 78149 78154 78152  120.0 2.5
78160 78158 78156 78154 -120.0 2.5
78156 78160 78162 78164  180.0 0.0
78283 78276 78281 78279  120.0 2.5
78287 78285 78283 78281 -120.0 2.5
78283 78287 78289 78291  180.0 0.0
78410 78403 78408 78406  120.0 2.5
78414 78412 78410 78408 -120.0 2.5
78410 78414 78416 78418  180.0 0.0
78530 78541 78533 78535 -120.0 2.5
78565 78568 78570 78572  0.0 0.0
78671 78664 78669 78667  120.0 2.5
78675 78673 78671 78669 -120.0 2.5
78671 78675 78677 78679  180.0 0.0
78791 78802 78794 78796 -120.0 2.5
78826 78829 78831 78833  0.0 0.0
78925 78936 78928 78930 -120.0 2.5
78960 78963 78965 78967  0.0 0.0
79059 79070 79062 79064 -120.0 2.5
79094 79097 79099 79101  0.0 0.0
79200 79193 79198 79196  120.0 2.5
79204 79202 79200 79198 -120.0 2.5
79200 79204 79206 79208  180.0 0.0
79320 79331 79323 79325 -120.0 2.5
79355 79358 79360 79362  0.0 0.0
79461 79454 79459 79457  120.0 2.5
79465 79463 79461 79459 -120.0 2.5
79461 79465 79467 79469  180.0 0.0
79581 79592 79584 79586 -120.0 2.5
79616 79619 79621 79623  0.0 0.0
79722 79715 79720 79718  120.0 2.5
79726 79724 79722 79720 -120.0 2.5
79722 79726 79728 79730  180.0 0.0
79849 79842 79847 79845  120.0 2.5
79853 79851 79849 79847 -120.0 2.5
79849 79853 79855 79857  180.0 0.0
79976 79969 79974 79972  120.0 2.5
79980 79978 79976 79974 -120.0 2.5
79976 79980 79982 79984  180.0 0.0
80096 80107 80099 80101 -120.0 2.5
80131 80134 80136 80138  0.0 0.0
80237 80230 80235 80233  120.0 2.5
80241 80239 80237 80235 -120.0 2.5
80237 80241 80243 80245  180.0 0.0
80357 80368 80360 80362 -120.0 2.5
80392 80395 80397 80399  0.0 0.0
80498 80491 80496 80494  120.0 2.5
80502 80500 80498 80496 -120.0 2.5
80498 80502 80504 80506  180.0 0.0
80618 80629 80621 80623 -120.0 2.5
80653 80656 80658 80660  0.0 0.0
80752 80763 80755 80757 -120.0 2.5
80787 80790 80792 80794  0.0 0.0
80893 80886 80891 80889  120.0 2.5
80897 80895 80893 80891 -120.0 2.5
80893 80897 80899 80901  180.0 0.0
81020 81013 81018 81016  120.0 2.5
81024 81022 81020 81018 -120.0 2.5
81020 81024 81026 81028  180.0 0.0
81140 81151 81143 81145 -120.0 2.5
81175 81178 81180 81182  0.0 0.0
81281 81274 81279 81277  120.0 2.5
81285 81283 81281 81279 -120.0 2.5
81281 81285 81287 81289  180.0 0.0
81408 81401 81406 81404  120.0 2.5
81412 81410 81408 81406 -120.0 2.5
81408 81412 81414 81416  180.0 0.0
81535 81528 81533 81531  120.0 2.5
81539 81537 81535 81533 -120.0 2.5
81535 81539 81541 81543  180.0 0.0
81662 81655 81660 81658  120.0 2.5
81666 81664 81662 81660 -120.0 2.5
81662 81666 81668 81670  180.0 0.0
81782 81793 81785 81787 -120.0 2.5
81817 81820 81822 81824  0.0 0.0
81923 81916 81921 81919  120.0 2.5
81927 81925 81923 81921 -120.0 2.5
81923 81927 81929 81931  180.0 0.0
82050 82043 82048 82046  120.0 2.5
82054 82052 82050 82048 -120.0 2.5
82050 82054 82056 82058  180.0 0.0
82170 82181 82173 82175 -120.0 2.5
82205 82208 82210 82212  0.0 0.0
82311 82304 82309 82307  120.0 2.5
82315 82313 82311 82309 -120.0 2.5
82311 82315 82317 82319  180.0 0.0
82438 82431 82436 82434  120.0 2.5
82442 82440 82438 82436 -120.0 2.5
82438 82442 82444 82446  180.0 0.0
82558 82569 82561 82563 -120.0 2.5
82593 82596 82598 82600  0.0 0.0
82699 82692 82697 82695  120.0 2.5
82703 82701 82699 82697 -120.0 2.5
82699 82703 82705 82707  180.0 0.0
82819 82830 82822 82824 -120.0 2.5
82854 82857 82859 82861  0.0 0.0
82953 82964 82956 82958 -120.0 2.5
82988 82991 82993 82995  0.0 0.0
83087 83098 83090 83092 -120.0 2.5
83122 83125 83127 83129  0.0 0.0
83221 83232 83224 83226 -120.0 2.5
83256 83259 83261 83263  0.0 0.0
83362 83355 83360 83358  120.0 2.5
83366 83364 83362 83360 -120.0 2.5
83362 83366 83368 83370  180.0 0.0
83489 83482 83487 83485  120.0 2.5
83493 83491 83489 83487 -120.0 2.5
83489 83493 83495 83497  180.0 0.0
83616 83609 83614 83612  120.0 2.5
83620 83618 83616 83614 -120.0 2.5
83616 83620 83622 83624  180.0 0.0
83736 83747 83739 83741 -120.0 2.5
83771 83774 83776 83778  0.0 0.0
83870 83881 83873 83875 -120.0 2.5
83905 83908 83910 83912  0.0 0.0
84011 84004 84009 84007  120.0 2.5
84015 84013 84011 84009 -120.0 2.5
84011 84015 84017 84019  180.0 0.0
84131 84142 84134 84136 -120.0 2.5
84166 84169 84171 84173  0.0 0.0
84272 84265 84270 84268  120.0 2.5
84276 84274 84272 84270 -120.0 2.5
84272 84276 84278 84280  180.0 0.0
84392 84403 84395 84397 -120.0 2.5
84427 84430 84432 84434  0.0 0.0
84526 84537 84529 84531 -120.0 2.5
84561 84564 84566 84568  0.0 0.0
84667 84660 84665 84663  120.0 2.5
84671 84669 84667 84665 -120.0 2.5
84667 84671 84673 84675  180.0 0.0
