10730
10804
10878
10952
11026
11100
11174
11248
11322
11396
11470
11544
11618
11692
11766
11840
11914
11988
12062
12136
12210
12284
12358
12432
12506
12580
12654
12728
12802
12876
12950
13024
13098
13172
13246
13320
13394
13468
13542
13616
13690
13764
13838
13912
13986
14060
14134
14208
14282
14356
14430
14504
14578
14652
14726
14800
14874
14948
15022
15096
15170
15244
15318
15392
15466
15540
15614
15688
15762
15836
15910
15984
16058
16132
16206
16280
16354
16428
16502
16576
16650
16724
16798
16872
16946
17020
17094
17168
17242
17316
17390
17464
17538
17612
17686
17760
17834
17908
17982
18056
18130
18204
18278
18352
18426
18500
18574
18648
18722
18796
18887
19014
19148
19282
19409
19543
19670
19804
19931
20058
20185
20319
20446
20573
20700
20834
20961
21095
21229
21356
21490
21617
21744
21871
22005
22132
22266
22393
22520
22647
22781
22908
23035
23169
23303
23437
23564
23691
23818
23945
24072
24199
24333
24467
24601
24728
24862
24989
25123
25250
25384
25511
25645
25772
25899
26026
26153
26287
26414
26548
26675
26809
26943
27077
27204
27338
27465
27599
27733
27867
28001
28135
28262
28389
28523
28657
28784
28918
29052
29186
29313
29447
29581
29715
29842
29969
30096
30230
30357
30491
30625
30752
30886
31013
31140
31267
31401
31528
31662
31796
31930
32057
32184
32311
32445
32572
32706
32840
32974
33108
33242
33376
33503
33637
33764
33898
34025
34159
34286
34413
34540
34674
34808
34935
35069
35203
35337
35471
35598
35732
35866
36000
36127
36261
36395
36522
36656
36783
36917
37051
37178
37312
37446
37580
37707
37841
37968
38095
38222
38349
38483
38610
38737
38864
38998
39132
39266
39400
39527
39661
39795
39929
40056
40190
40324
40458
40585
40712
40839
40973
41100
41227
41361
41495
41629
41763
41897
42024
42158
42285
42412
42546
42680
42807
42941
43068
43195
43322
43456
43583
43710
43837
43964
44091
44218
44345
44472
44606
44733
44860
44994
45128
45262
45389
45523
45650
45777
45911
46038
46165
46299
46433
46560
46694
46821
46948
47082
47209
47343
47470
47580
47654
47728
47802
47876
47950
48024
48098
48172
48246
48320
48394
48468
48542
48616
48690
48764
48838
48912
48986
49060
49134
49208
49282
49356
49430
49504
49578
49652
49726
49800
49874
49948
50022
50096
50170
50244
50318
50392
50466
50540
50614
50688
50762
50836
50910
50984
51058
51132
51206
51280
51354
51428
51502
51576
51650
51724
51798
51872
51946
52020
52094
52168
52242
52316
52390
52464
52538
52612
52686
52760
52834
52908
52982
53056
53130
53204
53278
53352
53426
53500
53574
53648
53722
53796
53870
53944
54018
54092
54166
54240
54314
54388
54462
54536
54610
54684
54758
54832
54906
54980
55054
55128
55202
55276
55350
55424
55498
55572
55646
55720
55811
55938
56065
56192
56326
56453
56587
56714
56848
56982
57109
57236
57370
57497
57624
57751
57885
58019
58153
58287
58421
58548
58682
58816
58943
59070
59197
59331
59458
59585
59719
59846
59973
60107
60241
60368
60502
60636
60763
60890
61024
61151
61285
61419
61546
61680
61814
61948
62082
62209
62336
62470
62597
62731
62858
62992
63126
63260
63394
63521
63648
63782
63916
64050
64177
64311
64438
64565
64699
64826
64953
65087
65214
65348
65475
65609
65736
65863
65990
66117
66244
66371
66505
66632
66759
66893
67027
67161
67295
67429
67556
67683
67817
67944
68071
68198
68325
68459
68586
68720
68854
68988
69122
69249
69376
69510
69644
69778
69905
70032
70166
70300
70427
70561
70695
70829
70963
71090
71224
71351
71478
71612
71739
71873
72000
72127
72254
72388
72515
72649
72776
72910
73044
73178
73305
73439
73566
73700
73827
73961
74088
74215
74349
74483
74617
74751
74885
75019
75146
75273
75407
75541
75675
75809
75936
76063
76197
76331
76465
76592
76726
76860
76987
77114
77241
77375
77502
77629
77756
77883
78017
78144
78271
78398
78525
78659
78786
78920
79054
79188
79315
79449
79576
79710
79837
79964
80091
80225
80352
80486
80613
80747
80881
81008
81135
81269
81396
81523
81650
81777
81911
82038
82165
82299
82426
82553
82687
82814
82948
83082
83216
83350
83477
83604
83731
83865
83999
84126
84260
84387
84521
84655
